0,000	27,867
0,101	27,867
0,203	27,865
0,305	27,865
0,407	27,862
0,509	27,862
0,611	27,862
0,713	27,859
0,815	27,859
0,917	27,857
1,019	27,857
1,121	27,857
1,223	27,854
1,325	27,854
1,427	27,851
1,529	27,851
1,631	27,851
1,733	27,848
1,835	27,848
1,937	27,845
2,039	27,845
2,141	27,845
2,243	27,843
2,345	27,843
2,447	27,838
2,549	27,838
2,651	27,835
2,753	27,835
2,855	27,835
2,957	27,832
3,059	27,832
3,161	27,829
3,263	27,829
3,365	27,829
3,467	27,827
3,569	27,827
3,671	27,825
3,773	27,825
3,875	27,825
3,977	27,822
4,079	27,822
4,181	27,819
4,283	27,819
4,385	27,819
4,487	27,816
4,589	27,816
4,692	27,812
4,793	27,812
4,895	27,812
4,997	27,809
5,099	27,809
5,201	27,806
5,303	27,806
5,405	27,806
5,507	27,803
5,609	27,803
5,711	27,800
5,813	27,800
5,915	27,800
6,017	27,800
6,119	27,800
6,221	27,798
6,323	27,798
6,425	27,797
6,527	27,797
6,629	27,797
6,731	27,797
6,833	27,797
6,935	27,796
7,037	27,796
7,139	27,796
7,241	27,795
7,343	27,795
7,445	27,794
7,547	27,794
7,649	27,794
7,751	27,792
7,853	27,792
7,955	27,790
8,057	27,790
8,159	27,790
8,261	27,788
8,363	27,788
8,465	27,787
8,567	27,787
8,669	27,787
8,772	27,787
8,874	27,787
8,976	27,786
9,078	27,786
9,180	27,786
9,282	27,785
9,384	27,785
9,486	27,785
9,588	27,785
9,690	27,785
9,792	27,785
9,893	27,785
9,995	27,785
10,097	27,785
10,199	27,785
10,301	27,785
10,403	27,785
10,505	27,784
10,607	27,784
10,709	27,783
10,811	27,783
10,913	27,783
11,015	27,783
11,117	27,783
11,219	27,783
11,321	27,783
11,423	27,783
11,525	27,782
11,627	27,782
11,729	27,780
11,831	27,780
11,933	27,780
12,035	27,779
12,137	27,779
12,239	27,778
12,341	27,778
12,443	27,778
12,545	27,779
12,647	27,779
12,749	27,777
12,851	27,777
12,953	27,777
13,055	27,775
13,157	27,775
13,259	27,774
13,361	27,774
13,463	27,772
13,565	27,772
13,667	27,772
13,769	27,770
13,871	27,770
13,973	27,770
14,075	27,770
14,177	27,770
14,279	27,768
14,381	27,768
14,483	27,766
14,585	27,766
14,687	27,766
14,789	27,764
14,891	27,764
14,993	27,763
15,095	27,763
15,197	27,763
15,299	27,763
15,401	27,763
15,503	27,763
15,605	27,763
15,707	27,763
15,809	27,763
15,911	27,763
16,013	27,762
16,115	27,762
16,217	27,762
16,319	27,762
16,421	27,762
16,523	27,762
16,625	27,762
16,727	27,763
16,829	27,763
16,931	27,763
17,033	27,763
17,135	27,763
17,237	27,763
17,339	27,763
17,441	27,763
17,543	27,763
17,645	27,763
17,747	27,761
17,849	27,761
17,951	27,761
18,053	27,760
18,155	27,760
18,257	27,760
18,359	27,760
18,461	27,760
18,563	27,759
18,665	27,759
18,767	27,760
18,869	27,760
18,971	27,760
19,073	27,761
19,175	27,761
19,277	27,761
19,379	27,761
19,481	27,759
19,583	27,759
19,685	27,759
19,787	27,757
19,889	27,757
19,991	27,755
20,093	27,755
20,195	27,755
20,297	27,755
20,399	27,755
20,501	27,753
20,603	27,753
20,705	27,753
20,807	27,752
20,909	27,752
21,011	27,751
21,113	27,751
21,215	27,751
21,317	27,748
21,419	27,748
21,521	27,748
21,623	27,748
21,725	27,748
21,827	27,748
21,929	27,748
22,031	27,747
22,133	27,747
22,235	27,747
22,337	27,747
22,439	27,747
22,541	27,746
22,643	27,746
22,745	27,746
22,847	27,746
22,949	27,746
23,051	27,747
23,153	27,747
23,255	27,748
23,357	27,748
23,459	27,748
23,561	27,749
23,663	27,749
23,765	27,748
23,867	27,748
23,969	27,748
24,071	27,748
24,173	27,748
24,275	27,749
24,377	27,749
24,479	27,749
24,581	27,749
24,683	27,749
24,785	27,747
24,887	27,747
24,989	27,747
25,091	27,746
25,193	27,746
25,295	27,746
25,397	27,746
25,499	27,746
25,601	27,746
25,703	27,746
25,805	27,746
25,907	27,746
26,009	27,745
26,111	27,745
26,213	27,745
26,316	27,745
26,418	27,745
26,520	27,745
26,622	27,745
26,724	27,745
26,826	27,746
26,928	27,746
27,030	27,745
27,132	27,745
27,234	27,745
27,336	27,745
27,437	27,745
27,539	27,746
27,641	27,746
27,743	27,746
27,845	27,745
27,947	27,745
28,049	27,745
28,151	27,745
28,253	27,745
28,355	27,745
28,457	27,745
28,559	27,745
28,661	27,745
28,763	27,745
28,865	27,745
28,967	27,745
29,069	27,745
29,171	27,745
29,273	27,745
29,375	27,745
29,477	27,745
29,579	27,745
29,681	27,745
29,783	27,745
29,885	27,745
29,987	27,745
30,089	27,745
30,191	27,745
30,293	27,744
30,395	27,744
30,497	27,744
30,599	27,743
30,701	27,743
30,803	27,743
30,905	27,743
31,007	27,743
31,109	27,744
31,211	27,744
31,313	27,744
31,415	27,744
31,517	27,744
31,619	27,743
31,721	27,743
31,823	27,742
31,925	27,742
32,027	27,742
32,129	27,741
32,231	27,741
32,332	27,740
32,432	27,740
32,532	27,740
32,632	27,739
32,734	27,739
32,836	27,738
32,938	27,738
33,040	27,738
33,142	27,738
33,244	27,738
33,346	27,738
33,448	27,738
33,550	27,737
33,652	27,737
33,754	27,737
33,856	27,737
33,958	27,737
34,060	27,736
34,162	27,736
34,264	27,736
34,366	27,736
34,468	27,736
34,570	27,736
34,672	27,736
34,774	27,736
34,876	27,735
34,978	27,735
35,080	27,735
35,182	27,735
35,284	27,735
35,386	27,735
35,488	27,735
35,590	27,736
35,692	27,736
35,794	27,736
35,896	27,737
35,998	27,737
36,100	27,737
36,202	27,737
36,304	27,736
36,406	27,736
36,508	27,736
36,610	27,736
36,712	27,736
36,814	27,737
36,916	27,737
37,018	27,737
37,120	27,736
37,222	27,736
37,324	27,734
37,426	27,734
37,528	27,734
37,630	27,735
37,732	27,735
37,834	27,736
37,936	27,736
38,038	27,736
38,140	27,736
38,242	27,736
38,344	27,735
38,446	27,735
38,548	27,735
38,650	27,733
38,752	27,733
38,854	27,732
38,956	27,732
39,058	27,732
39,160	27,732
39,262	27,732
39,364	27,732
39,466	27,732
39,568	27,733
39,670	27,733
39,772	27,733
39,874	27,733
39,976	27,733
40,078	27,733
40,180	27,733
40,282	27,733
40,384	27,732
40,486	27,732
40,588	27,733
40,690	27,733
40,792	27,733
40,894	27,732
40,996	27,732
41,098	27,733
41,200	27,733
41,302	27,733
41,404	27,733
41,506	27,733
41,608	27,731
41,710	27,731
41,812	27,731
41,914	27,730
42,016	27,730
42,118	27,729
42,220	27,729
42,322	27,730
42,424	27,730
42,526	27,730
42,628	27,730
42,730	27,730
42,832	27,730
42,934	27,730
43,036	27,730
43,138	27,729
43,240	27,729
43,342	27,728
43,444	27,728
43,546	27,728
43,648	27,726
43,751	27,726
43,853	27,726
43,955	27,726
44,057	27,726
44,159	27,725
44,261	27,725
44,363	27,725
44,465	27,725
44,567	27,725
44,669	27,724
44,771	27,724
44,872	27,723
44,974	27,723
45,076	27,723
45,178	27,724
45,280	27,724
45,382	27,724
45,484	27,724
45,586	27,724
45,688	27,725
45,790	27,725
45,892	27,724
45,994	27,724
46,096	27,724
46,198	27,724
46,300	27,724
46,402	27,724
46,504	27,724
46,606	27,723
46,708	27,723
46,810	27,723
46,912	27,723
47,014	27,723
47,116	27,722
47,218	27,722
47,320	27,722
47,422	27,722
47,524	27,722
47,626	27,721
47,728	27,721
47,830	27,721
47,932	27,720
48,034	27,720
48,136	27,719
48,238	27,719
48,340	27,719
48,442	27,719
48,544	27,719
48,646	27,719
48,748	27,719
48,850	27,719
48,952	27,720
49,054	27,720
49,156	27,719
49,258	27,719
49,360	27,719
49,462	27,719
49,564	27,719
49,666	27,719
49,768	27,719
49,870	27,719
49,972	27,719
50,074	27,719
50,176	27,720
50,278	27,720
50,380	27,719
50,482	27,719
50,584	27,719
50,686	27,719
50,788	27,719
50,890	27,719
50,992	27,719
51,094	27,719
51,196	27,719
51,298	27,719
51,400	27,720
51,502	27,720
51,604	27,720
51,706	27,721
51,808	27,721
51,910	27,721
52,012	27,721
52,114	27,720
52,216	27,720
52,318	27,720
52,420	27,719
52,522	27,719
52,624	27,718
52,726	27,718
52,828	27,718
52,930	27,719
53,032	27,719
53,134	27,719
53,236	27,719
53,338	27,719
53,440	27,718
53,542	27,718
53,644	27,717
53,746	27,717
53,848	27,717
53,950	27,716
54,052	27,716
54,154	27,716
54,256	27,716
54,358	27,716
54,460	27,715
54,562	27,715
54,664	27,714
54,766	27,714
54,868	27,713
54,970	27,713
55,072	27,713
55,174	27,714
55,276	27,714
55,378	27,715
55,480	27,715
55,582	27,715
55,684	27,715
55,786	27,715
55,888	27,715
55,990	27,715
56,092	27,715
56,194	27,717
56,296	27,717
56,398	27,717
56,500	27,717
56,602	27,717
56,704	27,717
56,806	27,717
56,908	27,717
57,010	27,717
57,112	27,717
57,214	27,717
57,316	27,717
57,418	27,717
57,520	27,717
57,622	27,717
57,724	27,717
57,826	27,717
57,928	27,717
58,030	27,717
58,132	27,717
58,234	27,717
58,336	27,717
58,438	27,716
58,540	27,716
58,642	27,715
58,744	27,715
58,846	27,715
58,948	27,714
59,050	27,714
59,152	27,715
59,254	27,715
59,356	27,715
59,458	27,714
59,560	27,714
59,662	27,714
59,764	27,714
59,866	27,714
59,968	27,713
60,070	27,713
60,172	27,713
60,274	27,713
60,376	27,713
60,478	27,712
60,580	27,712
60,682	27,712
60,784	27,712
60,886	27,712
60,988	27,711
61,090	27,711
61,193	27,711
61,295	27,711
61,397	27,709
61,499	27,709
61,601	27,709
61,703	27,709
61,805	27,709
61,907	27,710
62,009	27,710
62,111	27,710
62,213	27,710
62,314	27,710
62,416	27,709
62,518	27,709
62,620	27,709
62,722	27,708
62,824	27,708
62,926	27,707
63,028	27,707
63,130	27,707
63,232	27,706
63,334	27,706
63,436	27,706
63,538	27,706
63,640	27,706
63,742	27,705
63,844	27,705
63,946	27,706
64,048	27,706
64,150	27,706
64,252	27,705
64,354	27,705
64,456	27,704
64,558	27,704
64,660	27,704
64,762	27,705
64,864	27,705
64,966	27,705
65,068	27,705
65,170	27,705
65,272	27,705
65,374	27,705
65,476	27,706
65,578	27,706
65,680	27,705
65,782	27,705
65,884	27,705
65,986	27,706
66,088	27,706
66,190	27,706
66,292	27,706
66,394	27,706
66,496	27,705
66,598	27,705
66,700	27,705
66,802	27,705
66,904	27,705
67,006	27,704
67,108	27,704
67,210	27,702
67,312	27,702
67,414	27,702
67,516	27,702
67,618	27,702
67,720	27,702
67,822	27,702
67,924	27,702
68,026	27,702
68,128	27,702
68,230	27,702
68,332	27,702
68,434	27,702
68,536	27,702
68,638	27,702
68,740	27,702
68,842	27,702
68,944	27,701
69,046	27,701
69,148	27,701
69,250	27,700
69,352	27,700
69,454	27,700
69,556	27,700
69,658	27,700
69,760	27,700
69,862	27,700
69,964	27,700
70,066	27,700
70,168	27,700
70,270	27,700
70,372	27,700
70,474	27,700
70,576	27,700
70,678	27,700
70,780	27,698
70,882	27,698
70,984	27,698
71,086	27,698
71,188	27,698
71,290	27,699
71,392	27,699
71,494	27,698
71,596	27,698
71,698	27,699
71,800	27,699
71,902	27,699
72,004	27,699
72,106	27,699
72,208	27,700
72,310	27,700
72,412	27,700
72,514	27,700
72,616	27,700
72,718	27,700
72,820	27,700
72,922	27,700
73,024	27,700
73,126	27,700
73,228	27,700
73,330	27,700
73,432	27,700
73,534	27,700
73,636	27,700
73,738	27,701
73,840	27,701
73,942	27,701
74,044	27,701
74,146	27,701
74,248	27,701
74,350	27,701
74,452	27,701
74,554	27,700
74,656	27,700
74,758	27,699
74,860	27,699
74,962	27,698
75,064	27,698
75,166	27,698
75,268	27,697
75,370	27,697
75,472	27,697
75,574	27,697
75,676	27,697
75,778	27,697
75,880	27,697
75,982	27,697
76,084	27,697
76,186	27,697
76,288	27,697
76,390	27,697
76,492	27,697
76,594	27,697
76,696	27,697
76,798	27,696
76,900	27,696
77,002	27,696
77,104	27,696
77,206	27,696
77,308	27,695
77,410	27,695
77,512	27,695
77,614	27,695
77,716	27,694
77,818	27,694
77,920	27,694
78,022	27,693
78,124	27,693
78,226	27,694
78,328	27,694
78,430	27,694
78,532	27,695
78,634	27,695
78,737	27,695
78,839	27,695
78,941	27,695
79,043	27,695
79,145	27,695
79,247	27,695
79,349	27,695
79,451	27,695
79,553	27,694
79,655	27,694
79,757	27,693
79,858	27,693
79,960	27,693
80,062	27,692
80,164	27,692
80,266	27,691
80,368	27,691
80,470	27,691
80,572	27,691
80,674	27,691
80,776	27,691
80,878	27,691
80,980	27,690
81,082	27,690
81,184	27,690
81,286	27,688
81,388	27,688
81,490	27,688
81,592	27,688
81,694	27,688
81,796	27,688
81,898	27,688
82,000	27,688
82,102	27,688
82,204	27,688
82,306	27,688
82,408	27,688
82,510	27,688
82,612	27,688
82,714	27,688
82,816	27,688
82,918	27,688
83,020	27,689
83,122	27,689
83,224	27,689
83,326	27,690
83,428	27,690
83,530	27,691
83,632	27,691
83,734	27,691
83,836	27,691
83,938	27,691
84,040	27,692
84,142	27,692
84,244	27,692
84,346	27,692
84,448	27,692
84,550	27,691
84,652	27,691
84,754	27,691
84,856	27,691
84,958	27,691
85,060	27,692
85,162	27,692
85,264	27,692
85,366	27,692
85,468	27,692
85,570	27,692
85,672	27,692
85,774	27,692
85,876	27,692
85,978	27,692
86,080	27,691
86,182	27,691
86,284	27,691
86,386	27,691
86,488	27,691
86,590	27,691
86,692	27,691
86,794	27,692
86,896	27,692
86,998	27,692
87,100	27,694
87,202	27,694
87,304	27,695
87,406	27,695
87,508	27,695
87,610	27,695
87,712	27,695
87,814	27,695
87,916	27,695
88,018	27,695
88,120	27,695
88,222	27,695
88,324	27,695
88,426	27,695
88,528	27,695
88,630	27,695
88,732	27,695
88,834	27,696
88,936	27,696
89,038	27,694
89,140	27,694
89,242	27,694
89,344	27,693
89,446	27,693
89,548	27,691
89,650	27,691
89,752	27,691
89,854	27,690
89,956	27,690
90,058	27,690
90,160	27,690
90,262	27,690
90,364	27,690
90,466	27,690
90,568	27,690
90,670	27,690
90,772	27,690
90,874	27,690
90,976	27,690
91,078	27,690
91,180	27,690
91,282	27,691
91,384	27,691
91,486	27,691
91,588	27,690
91,690	27,690
91,792	27,690
91,894	27,690
91,996	27,690
92,098	27,690
92,200	27,690
92,302	27,690
92,404	27,690
92,506	27,690
92,608	27,688
92,710	27,688
92,812	27,687
92,914	27,687
93,016	27,687
93,118	27,686
93,220	27,686
93,322	27,686
93,424	27,686
93,526	27,686
93,628	27,686
93,730	27,686
93,832	27,687
93,934	27,687
94,036	27,687
94,138	27,687
94,240	27,687
94,342	27,687
94,444	27,687
94,546	27,687
94,648	27,687
94,750	27,687
94,852	27,688
94,954	27,688
95,056	27,688
95,158	27,688
95,260	27,688
95,362	27,687
95,464	27,687
95,566	27,687
95,668	27,687
95,770	27,687
95,872	27,687
95,974	27,687
96,076	27,687
96,179	27,687
96,281	27,687
96,383	27,686
96,485	27,686
96,587	27,686
96,689	27,686
96,791	27,685
96,893	27,685
96,995	27,685
97,097	27,684
97,199	27,684
97,300	27,683
97,402	27,683
97,504	27,683
97,606	27,683
97,708	27,683
97,810	27,682
97,912	27,682
98,014	27,682
98,116	27,683
98,218	27,683
98,320	27,683
98,422	27,683
98,524	27,683
98,626	27,683
98,728	27,683
98,830	27,683
98,932	27,683
99,034	27,683
99,136	27,684
99,238	27,684
99,340	27,684
99,442	27,684
99,544	27,684
99,646	27,684
99,748	27,684
99,850	27,683
99,952	27,683
100,054	27,683
100,156	27,683
100,258	27,683
100,360	27,682
100,462	27,682
100,564	27,681
100,666	27,681
100,768	27,681
100,870	27,681
100,972	27,681
101,074	27,680
101,176	27,680
101,278	27,680
101,380	27,680
101,482	27,680
101,584	27,680
101,686	27,680
101,788	27,680
101,890	27,679
101,992	27,679
102,094	27,680
102,196	27,680
102,298	27,680
102,400	27,680
102,502	27,680
102,604	27,680
102,706	27,680
102,808	27,680
102,910	27,680
103,012	27,680
103,114	27,679
103,216	27,679
103,318	27,679
103,420	27,679
103,522	27,679
103,624	27,680
103,726	27,680
103,828	27,680
103,930	27,680
104,032	27,680
104,134	27,678
104,236	27,678
104,338	27,679
104,440	27,679
104,542	27,679
104,644	27,680
104,746	27,680
104,848	27,680
104,950	27,680
105,052	27,680
105,154	27,679
105,256	27,679
105,358	27,679
105,460	27,679
105,562	27,679
105,664	27,679
105,766	27,679
105,868	27,678
105,970	27,678
106,072	27,678
106,174	27,677
106,276	27,677
106,378	27,677
106,480	27,677
106,582	27,677
106,684	27,677
106,786	27,677
106,888	27,677
106,990	27,677
107,092	27,677
107,194	27,677
107,296	27,677
107,398	27,677
107,500	27,677
107,602	27,677
107,704	27,677
107,806	27,677
107,908	27,678
108,010	27,678
108,112	27,678
108,214	27,678
108,316	27,678
108,418	27,677
108,520	27,677
108,622	27,676
108,724	27,676
108,826	27,676
108,928	27,676
109,030	27,676
109,132	27,676
109,234	27,676
109,336	27,676
109,438	27,676
109,540	27,676
109,642	27,676
109,744	27,676
109,846	27,676
109,948	27,675
110,050	27,675
110,152	27,676
110,254	27,676
110,356	27,676
110,458	27,676
110,560	27,676
110,662	27,677
110,764	27,677
110,866	27,677
110,968	27,677
111,070	27,677
111,172	27,677
111,274	27,677
111,376	27,676
111,478	27,676
111,580	27,676
111,682	27,676
111,784	27,676
111,886	27,676
111,988	27,676
112,090	27,676
112,192	27,675
112,294	27,675
112,396	27,674
112,498	27,674
112,600	27,673
112,702	27,673
112,804	27,673
112,906	27,673
113,008	27,673
113,110	27,673
113,212	27,673
113,314	27,673
113,416	27,672
113,518	27,672
113,620	27,672
113,723	27,672
113,825	27,672
113,927	27,672
114,029	27,672
114,131	27,673
114,233	27,673
114,335	27,673
114,437	27,672
114,539	27,672
114,641	27,671
114,743	27,671
114,844	27,671
114,946	27,671
115,048	27,671
115,150	27,671
115,252	27,671
115,354	27,671
115,456	27,671
115,558	27,671
115,660	27,671
115,762	27,671
115,864	27,671
115,966	27,670
116,068	27,670
116,170	27,671
116,272	27,671
116,374	27,671
116,476	27,671
116,578	27,671
116,680	27,671
116,782	27,671
116,884	27,671
116,986	27,671
117,088	27,671
117,190	27,672
117,292	27,672
117,394	27,673
117,496	27,673
117,598	27,673
117,700	27,673
117,802	27,673
117,904	27,672
118,006	27,672
118,108	27,672
118,210	27,672
118,312	27,672
118,414	27,671
118,516	27,671
118,618	27,671
118,720	27,671
118,822	27,671
118,924	27,669
119,026	27,669
119,128	27,669
119,230	27,668
119,332	27,668
119,434	27,669
119,536	27,669
119,638	27,669
119,740	27,669
119,842	27,669
119,944	27,668
120,046	27,668
120,148	27,668
120,250	27,668
120,352	27,668
120,454	27,669
120,556	27,669
120,658	27,670
120,760	27,670
120,862	27,670
120,964	27,669
121,066	27,669
121,168	27,669
121,270	27,669
121,372	27,669
121,474	27,668
121,576	27,668
121,678	27,668
121,780	27,668
121,882	27,668
121,984	27,669
122,086	27,669
122,188	27,669
122,290	27,669
122,392	27,669
122,494	27,670
122,596	27,670
122,698	27,671
122,800	27,671
122,902	27,671
123,004	27,671
123,106	27,671
123,208	27,671
123,310	27,671
123,412	27,671
123,514	27,671
123,616	27,671
123,718	27,671
123,820	27,671
123,922	27,672
124,024	27,672
124,126	27,672
124,228	27,672
124,330	27,672
124,432	27,671
124,534	27,671
124,636	27,671
124,738	27,669
124,840	27,669
124,942	27,669
125,044	27,669
125,146	27,669
125,248	27,669
125,350	27,669
125,452	27,669
125,554	27,669
125,656	27,669
125,758	27,669
125,860	27,669
125,962	27,669
126,064	27,669
126,166	27,669
126,268	27,669
126,370	27,669
126,472	27,668
126,574	27,668
126,676	27,667
126,778	27,667
126,880	27,667
126,982	27,667
127,084	27,667
127,186	27,668
127,288	27,668
127,390	27,668
127,492	27,669
127,594	27,669
127,696	27,670
127,798	27,670
127,900	27,670
128,002	27,668
128,104	27,668
128,206	27,667
128,308	27,667
128,410	27,667
128,512	27,668
128,614	27,668
128,716	27,667
128,818	27,667
128,920	27,667
129,022	27,667
129,124	27,667
129,226	27,667
129,328	27,667
129,430	27,668
129,532	27,668
129,634	27,668
129,736	27,669
129,838	27,669
129,940	27,669
130,042	27,669
130,144	27,669
130,246	27,668
130,348	27,668
130,450	27,666
130,552	27,666
130,654	27,666
130,756	27,667
130,858	27,667
130,960	27,667
131,062	27,667
131,165	27,667
131,267	27,666
131,369	27,666
131,471	27,665
131,573	27,665
131,675	27,665
131,777	27,666
131,879	27,666
131,981	27,666
132,083	27,666
132,185	27,668
132,286	27,668
132,388	27,668
132,490	27,669
132,592	27,669
132,694	27,670
132,796	27,670
132,898	27,670
133,000	27,671
133,102	27,671
133,204	27,671
133,306	27,671
133,408	27,671
133,510	27,670
133,612	27,670
133,714	27,668
133,816	27,668
133,918	27,668
134,020	27,668
134,122	27,668
134,224	27,669
134,326	27,669
134,428	27,669
134,530	27,669
134,632	27,669
134,734	27,669
134,836	27,669
134,938	27,669
135,040	27,668
135,142	27,668
135,244	27,668
135,346	27,668
135,448	27,668
135,550	27,669
135,652	27,669
135,754	27,669
135,856	27,669
135,958	27,669
136,060	27,669
136,162	27,669
136,264	27,669
136,366	27,669
136,468	27,669
136,570	27,669
136,672	27,669
136,774	27,669
136,876	27,669
136,978	27,667
137,080	27,667
137,182	27,667
137,284	27,665
137,386	27,665
137,488	27,665
137,590	27,665
137,692	27,665
137,794	27,664
137,896	27,664
137,998	27,664
138,100	27,664
138,202	27,664
138,304	27,663
138,406	27,663
138,508	27,662
138,610	27,662
138,712	27,662
138,814	27,661
138,916	27,661
139,018	27,661
139,120	27,661
139,222	27,663
139,324	27,663
139,426	27,663
139,528	27,664
139,630	27,664
139,732	27,664
139,834	27,664
139,936	27,664
140,038	27,664
140,140	27,664
140,242	27,664
140,344	27,664
140,446	27,664
140,548	27,664
140,650	27,664
140,752	27,664
140,854	27,664
140,956	27,664
141,058	27,665
141,160	27,665
141,262	27,666
141,364	27,666
141,466	27,666
141,568	27,666
141,670	27,666
141,772	27,666
141,874	27,666
141,976	27,666
142,078	27,666
142,180	27,666
142,282	27,666
142,384	27,666
142,486	27,665
142,588	27,665
142,690	27,665
142,792	27,664
142,894	27,664
142,996	27,664
143,098	27,664
143,200	27,664
143,302	27,664
143,404	27,664
143,506	27,665
143,608	27,665
143,710	27,665
143,812	27,666
143,914	27,666
144,016	27,665
144,118	27,665
144,220	27,665
144,322	27,665
144,424	27,665
144,526	27,665
144,628	27,665
144,730	27,665
144,832	27,664
144,934	27,664
145,036	27,663
145,138	27,663
145,240	27,663
145,342	27,662
145,444	27,662
145,546	27,662
145,648	27,662
145,750	27,663
145,852	27,663
145,954	27,663
146,056	27,663
146,158	27,663
146,260	27,663
146,362	27,663
146,464	27,663
146,566	27,663
146,668	27,663
146,770	27,662
146,872	27,662
146,974	27,662
147,076	27,662
147,178	27,662
147,280	27,662
147,382	27,662
147,484	27,662
147,586	27,662
147,688	27,662
147,790	27,661
147,892	27,661
147,994	27,662
148,096	27,662
148,198	27,662
148,300	27,661
148,402	27,661
148,504	27,661
148,606	27,661
148,709	27,661
148,811	27,661
148,913	27,661
149,015	27,661
149,117	27,661
149,219	27,661
149,321	27,660
149,423	27,660
149,525	27,661
149,627	27,661
149,729	27,661
149,830	27,660
149,932	27,660
150,034	27,659
150,136	27,659
150,238	27,659
150,340	27,660
150,442	27,660
150,544	27,660
150,646	27,660
150,748	27,660
150,850	27,660
150,952	27,660
151,054	27,660
151,156	27,660
151,258	27,660
151,360	27,659
151,462	27,659
151,564	27,659
151,666	27,659
151,768	27,659
151,870	27,660
151,972	27,660
152,074	27,660
152,176	27,660
152,278	27,660
152,380	27,660
152,482	27,660
152,584	27,659
152,686	27,659
152,788	27,658
152,890	27,658
152,992	27,658
153,094	27,658
153,196	27,658
153,298	27,657
153,400	27,657
153,502	27,657
153,604	27,656
153,706	27,656
153,808	27,655
153,910	27,655
154,012	27,655
154,114	27,655
154,216	27,655
154,318	27,656
154,420	27,656
154,522	27,656
154,624	27,656
154,726	27,656
154,828	27,657
154,930	27,657
155,032	27,657
155,134	27,657
155,236	27,657
155,338	27,656
155,440	27,656
155,542	27,655
155,644	27,655
155,746	27,655
155,848	27,654
155,950	27,654
156,052	27,654
156,154	27,654
156,256	27,654
156,358	27,654
156,460	27,654
156,562	27,655
156,664	27,655
156,766	27,655
156,868	27,656
156,970	27,656
157,072	27,654
157,174	27,654
157,276	27,654
157,378	27,653
157,480	27,653
157,582	27,653
157,684	27,653
157,786	27,653
157,888	27,653
157,990	27,653
158,092	27,653
158,194	27,653
158,296	27,653
158,398	27,654
158,500	27,654
158,602	27,652
158,704	27,652
158,806	27,652
158,908	27,652
159,010	27,652
159,112	27,651
159,214	27,651
159,316	27,651
159,418	27,651
159,520	27,651
159,622	27,651
159,724	27,651
159,826	27,651
159,928	27,651
160,030	27,651
160,132	27,651
160,234	27,651
160,336	27,651
160,438	27,651
160,540	27,651
160,642	27,652
160,744	27,652
160,846	27,652
160,948	27,652
161,050	27,652
161,152	27,651
161,254	27,651
161,356	27,652
161,458	27,652
161,560	27,652
161,662	27,653
161,764	27,653
161,866	27,655
161,968	27,655
162,070	27,655
162,172	27,655
162,274	27,655
162,376	27,654
162,478	27,654
162,580	27,654
162,682	27,654
162,784	27,654
162,886	27,654
162,988	27,654
163,090	27,653
163,192	27,653
163,294	27,653
163,396	27,653
163,498	27,653
163,600	27,653
163,702	27,653
163,804	27,653
163,906	27,651
164,008	27,651
164,110	27,650
164,212	27,650
164,314	27,650
164,416	27,649
164,518	27,649
164,620	27,649
164,722	27,649
164,824	27,649
164,926	27,649
165,028	27,649
165,130	27,649
165,232	27,649
165,334	27,649
165,436	27,649
165,538	27,649
165,640	27,650
165,742	27,650
165,844	27,649
165,946	27,649
166,048	27,649
166,151	27,649
166,253	27,649
166,355	27,649
166,457	27,649
166,559	27,649
166,661	27,649
166,763	27,649
166,865	27,649
166,967	27,649
167,069	27,649
167,171	27,650
167,272	27,650
167,374	27,649
167,476	27,649
167,578	27,649
167,680	27,649
167,782	27,649
167,884	27,649
167,986	27,649
168,088	27,649
168,190	27,649
168,292	27,649
168,394	27,649
168,496	27,649
168,598	27,650
168,700	27,650
168,802	27,650
168,904	27,650
169,006	27,650
169,108	27,651
169,210	27,651
169,312	27,651
169,414	27,651
169,516	27,651
169,618	27,651
169,720	27,651
169,822	27,651
169,924	27,650
170,026	27,650
170,128	27,648
170,230	27,648
170,332	27,648
170,434	27,648
170,536	27,648
170,638	27,648
170,740	27,648
170,842	27,647
170,944	27,647
171,046	27,647
171,148	27,647
171,250	27,647
171,352	27,648
171,454	27,648
171,556	27,648
171,658	27,649
171,760	27,649
171,862	27,649
171,964	27,649
172,066	27,649
172,168	27,649
172,270	27,649
172,372	27,648
172,474	27,648
172,576	27,648
172,678	27,648
172,780	27,648
172,882	27,648
172,984	27,648
173,086	27,648
173,188	27,648
173,290	27,648
173,392	27,649
173,494	27,649
173,596	27,649
173,698	27,649
173,800	27,649
173,902	27,649
174,004	27,649
174,106	27,649
174,208	27,649
174,310	27,649
174,412	27,649
174,514	27,649
174,616	27,649
174,718	27,649
174,820	27,649
174,922	27,648
175,024	27,648
175,126	27,647
175,228	27,647
175,330	27,647
175,432	27,646
175,534	27,646
175,636	27,646
175,738	27,646
175,840	27,646
175,942	27,646
176,044	27,646
176,146	27,646
176,248	27,646
176,350	27,646
176,452	27,647
176,554	27,647
176,656	27,647
176,758	27,647
176,860	27,647
176,962	27,646
177,064	27,646
177,166	27,648
177,268	27,648
177,370	27,648
177,472	27,649
177,574	27,649
177,676	27,651
177,778	27,651
177,880	27,655
177,982	27,655
178,084	27,655
178,186	27,663
178,288	27,663
178,390	27,673
178,492	27,673
178,594	27,673
178,696	27,685
178,798	27,685
178,900	27,697
179,002	27,697
179,104	27,697
179,206	27,709
179,308	27,709
179,410	27,720
179,512	27,720
179,614	27,720
179,716	27,730
179,818	27,730
179,920	27,738
180,022	27,738
180,124	27,738
180,226	27,745
180,328	27,745
180,430	27,750
180,532	27,750
180,634	27,750
180,736	27,755
180,838	27,755
180,940	27,760
181,042	27,760
181,144	27,765
181,246	27,765
181,348	27,765
181,450	27,772
181,552	27,772
181,654	27,781
181,756	27,781
181,858	27,781
181,960	27,792
182,062	27,792
182,164	27,803
182,266	27,803
182,368	27,803
182,470	27,814
182,572	27,814
182,674	27,825
182,776	27,825
182,878	27,825
182,980	27,837
183,082	27,837
183,184	27,848
183,286	27,848
183,388	27,848
183,490	27,859
183,593	27,859
183,695	27,868
183,797	27,868
183,899	27,868
184,001	27,877
184,103	27,877
184,205	27,886
184,307	27,886
184,409	27,894
184,511	27,894
184,613	27,894
184,714	27,900
184,816	27,900
184,918	27,906
185,020	27,906
185,122	27,906
185,224	27,912
185,326	27,912
185,428	27,919
185,530	27,919
185,632	27,919
185,734	27,925
185,836	27,925
185,938	27,930
186,040	27,930
186,142	27,930
186,244	27,935
186,346	27,935
186,448	27,940
186,550	27,940
186,652	27,940
186,754	27,943
186,856	27,943
186,958	27,945
187,060	27,945
187,162	27,949
187,264	27,949
187,366	27,949
187,468	27,953
187,570	27,953
187,672	27,958
187,774	27,958
187,876	27,958
187,978	27,964
188,080	27,964
188,182	27,970
188,284	27,970
188,386	27,970
188,488	27,976
188,590	27,976
188,692	27,982
188,794	27,982
188,896	27,982
188,998	27,988
189,100	27,988
189,202	27,992
189,304	27,992
189,406	27,992
189,508	27,994
189,610	27,994
189,712	27,994
189,814	27,994
189,916	27,994
190,018	27,993
190,120	27,993
190,222	27,989
190,324	27,989
190,426	27,989
190,528	27,984
190,630	27,984
190,732	27,976
190,834	27,976
190,936	27,969
191,038	27,969
191,140	27,969
191,242	27,962
191,344	27,962
191,446	27,957
191,548	27,957
191,650	27,957
191,752	27,954
191,854	27,954
191,956	27,951
192,058	27,951
192,160	27,951
192,262	27,950
192,364	27,950
192,466	27,951
192,568	27,951
192,670	27,951
192,772	27,952
192,874	27,952
192,976	27,952
193,078	27,952
193,180	27,952
193,282	27,953
193,384	27,953
193,486	27,955
193,588	27,955
193,690	27,955
193,792	27,961
193,894	27,961
193,996	27,970
194,098	27,970
194,200	27,981
194,302	27,981
194,404	27,981
194,506	27,992
194,608	27,992
194,710	28,003
194,812	28,003
194,914	28,003
195,016	28,012
195,118	28,012
195,220	28,019
195,322	28,019
195,424	28,019
195,526	28,026
195,628	28,026
195,730	28,032
195,832	28,032
195,934	28,032
196,036	28,037
196,138	28,037
196,240	28,042
196,342	28,042
196,444	28,042
196,546	28,051
196,648	28,051
196,750	28,063
196,852	28,063
196,954	28,063
197,056	28,078
197,158	28,078
197,260	28,099
197,362	28,099
197,464	28,125
197,566	28,125
197,668	28,125
197,770	28,155
197,872	28,155
197,974	28,186
198,076	28,186
198,178	28,186
198,280	28,215
198,382	28,215
198,484	28,246
198,586	28,246
198,688	28,246
198,790	28,279
198,892	28,279
198,994	28,310
199,096	28,310
199,198	28,310
199,300	28,336
199,402	28,336
199,504	28,356
199,606	28,356
199,708	28,370
199,810	28,370
199,912	28,370
200,014	28,378
200,116	28,378
200,218	28,378
200,320	28,381
200,422	28,381
200,524	28,381
200,626	28,381
200,728	28,379
200,830	28,379
200,932	28,379
201,034	28,376
201,137	28,376
201,239	28,377
201,341	28,377
201,443	28,377
201,545	28,385
201,647	28,385
201,749	28,397
201,851	28,397
201,953	28,397
202,055	28,410
202,157	28,410
202,258	28,421
202,360	28,421
202,462	28,421
202,564	28,428
202,666	28,428
202,768	28,432
202,870	28,432
202,972	28,432
203,074	28,432
203,176	28,432
203,278	28,429
203,380	28,429
203,482	28,424
203,584	28,424
203,686	28,424
203,788	28,418
203,890	28,418
203,992	28,413
204,094	28,413
204,196	28,413
204,298	28,408
204,400	28,408
204,502	28,403
204,604	28,403
204,706	28,403
204,808	28,399
204,910	28,399
205,012	28,398
205,114	28,398
205,216	28,398
205,318	28,401
205,420	28,401
205,522	28,406
205,624	28,406
205,726	28,406
205,828	28,410
205,930	28,410
206,032	28,411
206,134	28,411
206,236	28,411
206,338	28,408
206,440	28,408
206,542	28,402
206,644	28,402
206,746	28,393
206,848	28,393
206,950	28,393
207,052	28,383
207,154	28,383
207,256	28,371
207,358	28,371
207,460	28,371
207,562	28,357
207,664	28,357
207,766	28,343
207,868	28,343
207,970	28,343
208,072	28,329
208,174	28,329
208,276	28,319
208,378	28,319
208,480	28,319
208,582	28,310
208,684	28,310
208,786	28,301
208,888	28,301
208,990	28,301
209,092	28,294
209,194	28,294
209,296	28,288
209,398	28,288
209,500	28,288
209,602	28,285
209,704	28,285
209,806	28,286
209,908	28,286
210,010	28,287
210,112	28,287
210,214	28,287
210,316	28,286
210,418	28,286
210,520	28,285
210,622	28,285
210,724	28,285
210,826	28,283
210,928	28,283
211,030	28,281
211,132	28,281
211,234	28,281
211,336	28,283
211,438	28,283
211,540	28,288
211,642	28,288
211,744	28,288
211,846	28,302
211,948	28,302
212,050	28,324
212,152	28,324
212,254	28,324
212,356	28,351
212,458	28,351
212,560	28,381
212,662	28,381
212,764	28,381
212,866	28,410
212,968	28,410
213,070	28,437
213,172	28,437
213,274	28,462
213,376	28,462
213,478	28,462
213,580	28,485
213,682	28,485
213,784	28,506
213,886	28,506
213,988	28,506
214,090	28,522
214,192	28,522
214,294	28,532
214,396	28,532
214,498	28,532
214,600	28,538
214,702	28,538
214,804	28,538
214,906	28,538
215,008	28,538
215,110	28,534
215,212	28,534
215,314	28,528
215,416	28,528
215,518	28,528
215,620	28,520
215,722	28,520
215,824	28,511
215,926	28,511
216,028	28,511
216,130	28,502
216,232	28,502
216,334	28,494
216,436	28,494
216,538	28,489
216,640	28,489
216,742	28,489
216,844	28,487
216,946	28,487
217,048	28,487
217,150	28,487
217,252	28,487
217,354	28,490
217,456	28,490
217,558	28,495
217,660	28,495
217,762	28,495
217,864	28,501
217,966	28,501
218,068	28,508
218,170	28,508
218,272	28,508
218,374	28,515
218,476	28,515
218,579	28,523
218,681	28,523
218,783	28,523
218,885	28,530
218,987	28,530
219,089	28,536
219,191	28,536
219,293	28,536
219,395	28,539
219,497	28,539
219,599	28,539
219,700	28,539
219,802	28,539
219,904	28,539
220,006	28,539
220,108	28,538
220,210	28,538
220,312	28,536
220,414	28,536
220,516	28,536
220,618	28,532
220,720	28,532
220,822	28,528
220,924	28,528
221,026	28,528
221,128	28,525
221,230	28,525
221,332	28,522
221,434	28,522
221,536	28,522
221,638	28,521
221,740	28,521
221,842	28,523
221,944	28,523
222,046	28,529
222,148	28,529
222,250	28,529
222,352	28,538
222,454	28,538
222,556	28,538
222,658	28,546
222,760	28,546
222,862	28,555
222,964	28,555
223,066	28,560
223,168	28,560
223,270	28,560
223,372	28,565
223,474	28,565
223,576	28,570
223,678	28,570
223,780	28,570
223,882	28,574
223,984	28,574
224,086	28,578
224,188	28,578
224,290	28,578
224,392	28,583
224,494	28,583
224,596	28,589
224,698	28,589
224,800	28,589
224,902	28,595
225,004	28,595
225,106	28,601
225,208	28,601
225,310	28,601
225,412	28,607
225,514	28,607
225,616	28,612
225,718	28,612
225,820	28,612
225,922	28,616
226,024	28,616
226,126	28,619
226,228	28,619
226,330	28,620
226,432	28,620
226,534	28,620
226,636	28,621
226,738	28,621
226,840	28,621
226,942	28,621
227,044	28,621
227,146	28,618
227,248	28,618
227,350	28,615
227,452	28,615
227,554	28,615
227,656	28,613
227,758	28,613
227,860	28,612
227,962	28,612
228,064	28,612
228,165	28,612
228,266	28,612
228,368	28,613
228,470	28,613
228,572	28,613
228,674	28,617
228,776	28,617
228,878	28,625
228,980	28,625
229,082	28,625
229,184	28,635
229,286	28,635
229,388	28,646
229,490	28,646
229,592	28,660
229,694	28,660
229,796	28,660
229,898	28,674
230,000	28,674
230,102	28,685
230,204	28,685
230,306	28,685
230,408	28,695
230,510	28,695
230,612	28,705
230,714	28,705
230,816	28,705
230,918	28,715
231,020	28,715
231,122	28,721
231,224	28,721
231,326	28,721
231,428	28,726
231,530	28,726
231,632	28,728
231,734	28,728
231,836	28,728
231,938	28,727
232,040	28,727
232,142	28,724
232,244	28,724
232,346	28,724
232,448	28,721
232,550	28,721
232,652	28,717
232,754	28,717
232,856	28,710
232,958	28,710
233,060	28,710
233,162	28,702
233,264	28,702
233,366	28,693
233,468	28,693
233,570	28,693
233,672	28,684
233,774	28,684
233,876	28,675
233,978	28,675
234,080	28,675
234,182	28,666
234,284	28,666
234,386	28,658
234,488	28,658
234,590	28,658
234,692	28,650
234,794	28,650
234,896	28,641
234,998	28,641
235,100	28,641
235,202	28,631
235,304	28,631
235,406	28,621
235,508	28,621
235,610	28,621
235,712	28,612
235,814	28,612
235,916	28,605
236,018	28,605
236,121	28,604
236,223	28,604
236,325	28,604
236,427	28,609
236,529	28,609
236,631	28,615
236,733	28,615
236,835	28,615
236,937	28,621
237,039	28,621
237,141	28,627
237,242	28,627
237,344	28,627
237,446	28,632
237,548	28,632
237,650	28,636
237,752	28,636
237,854	28,636
237,956	28,638
238,058	28,638
238,160	28,638
238,262	28,638
238,364	28,638
238,466	28,638
238,568	28,638
238,670	28,638
238,772	28,638
238,874	28,638
238,976	28,637
239,078	28,637
239,180	28,637
239,282	28,637
239,384	28,638
239,486	28,638
239,588	28,638
239,690	28,642
239,792	28,642
239,894	28,647
239,996	28,647
240,098	28,647
240,200	28,655
240,302	28,655
240,404	28,664
240,506	28,664
240,608	28,664
240,710	28,673
240,812	28,673
240,914	28,683
241,016	28,683
241,118	28,683
241,220	28,694
241,322	28,694
241,424	28,704
241,526	28,704
241,628	28,712
241,730	28,712
241,832	28,712
241,934	28,718
242,036	28,718
242,138	28,718
242,240	28,724
242,342	28,724
242,444	28,728
242,546	28,728
242,648	28,732
242,750	28,732
242,852	28,732
242,954	28,734
243,056	28,734
243,158	28,734
243,260	28,734
243,362	28,734
243,464	28,732
243,566	28,732
243,668	28,729
243,770	28,729
243,872	28,729
243,974	28,724
244,076	28,724
244,178	28,717
244,280	28,717
244,382	28,717
244,484	28,709
244,586	28,709
244,688	28,702
244,790	28,702
244,892	28,702
244,994	28,695
245,096	28,695
245,198	28,690
245,300	28,690
245,402	28,686
245,504	28,686
245,606	28,686
245,708	28,682
245,810	28,682
245,912	28,680
246,014	28,680
246,116	28,680
246,218	28,680
246,320	28,680
246,422	28,680
246,524	28,680
246,626	28,680
246,728	28,681
246,830	28,681
246,932	28,682
247,034	28,682
247,136	28,682
247,238	28,685
247,340	28,685
247,442	28,687
247,544	28,687
247,646	28,687
247,748	28,691
247,850	28,691
247,952	28,694
248,054	28,694
248,156	28,694
248,258	28,697
248,360	28,697
248,462	28,697
248,564	28,697
248,666	28,696
248,768	28,696
248,870	28,696
248,972	28,694
249,074	28,694
249,176	28,692
249,278	28,692
249,380	28,692
249,482	28,687
249,584	28,687
249,686	28,681
249,788	28,681
249,890	28,681
249,992	28,674
250,094	28,674
250,196	28,668
250,298	28,668
250,400	28,668
250,502	28,662
250,604	28,662
250,706	28,658
250,808	28,658
250,910	28,658
251,012	28,653
251,114	28,653
251,216	28,648
251,318	28,648
251,420	28,648
251,522	28,642
251,624	28,642
251,726	28,637
251,828	28,637
251,930	28,632
252,032	28,632
252,134	28,632
252,236	28,627
252,338	28,627
252,440	28,622
252,542	28,622
252,644	28,622
252,746	28,620
252,848	28,620
252,950	28,619
253,052	28,619
253,154	28,619
253,256	28,620
253,358	28,620
253,460	28,624
253,563	28,624
253,665	28,624
253,767	28,629
253,869	28,629
253,971	28,634
254,073	28,634
254,175	28,634
254,277	28,638
254,379	28,638
254,481	28,643
254,583	28,643
254,684	28,643
254,786	28,648
254,888	28,648
254,990	28,652
255,092	28,652
255,194	28,656
255,296	28,656
255,398	28,656
255,500	28,661
255,602	28,661
255,704	28,667
255,806	28,667
255,908	28,667
256,010	28,673
256,112	28,673
256,214	28,679
256,316	28,679
256,418	28,679
256,520	28,687
256,622	28,687
256,724	28,697
256,826	28,697
256,928	28,697
257,030	28,709
257,132	28,709
257,234	28,721
257,336	28,721
257,438	28,721
257,540	28,730
257,642	28,730
257,744	28,737
257,846	28,737
257,948	28,737
258,050	28,742
258,152	28,742
258,254	28,744
258,356	28,744
258,458	28,744
258,560	28,744
258,662	28,744
258,764	28,741
258,866	28,741
258,968	28,738
259,070	28,738
259,172	28,738
259,274	28,734
259,376	28,734
259,478	28,728
259,580	28,728
259,682	28,728
259,784	28,722
259,886	28,722
259,988	28,717
260,090	28,717
260,192	28,717
260,294	28,712
260,396	28,712
260,498	28,708
260,600	28,708
260,702	28,708
260,804	28,702
260,906	28,702
261,008	28,697
261,110	28,697
261,212	28,697
261,314	28,694
261,416	28,694
261,518	28,691
261,620	28,691
261,722	28,689
261,824	28,689
261,926	28,689
262,028	28,687
262,130	28,687
262,232	28,685
262,334	28,685
262,436	28,685
262,538	28,682
262,640	28,682
262,742	28,681
262,844	28,681
262,946	28,681
263,048	28,680
263,150	28,680
263,252	28,678
263,354	28,678
263,456	28,678
263,558	28,677
263,660	28,677
263,762	28,676
263,864	28,676
263,966	28,676
264,068	28,676
264,170	28,676
264,272	28,676
264,374	28,676
264,476	28,676
264,578	28,675
264,680	28,675
264,782	28,676
264,884	28,676
264,986	28,676
265,088	28,676
265,190	28,676
265,292	28,677
265,394	28,677
265,496	28,678
265,598	28,678
265,700	28,678
265,802	28,678
265,904	28,678
266,006	28,678
266,108	28,678
266,210	28,678
266,312	28,679
266,414	28,679
266,516	28,680
266,618	28,680
266,720	28,680
266,822	28,679
266,924	28,679
267,026	28,678
267,128	28,678
267,230	28,678
267,332	28,676
267,434	28,676
267,536	28,674
267,638	28,674
267,740	28,674
267,842	28,672
267,944	28,672
268,046	28,670
268,148	28,670
268,250	28,669
268,352	28,669
268,454	28,669
268,556	28,669
268,658	28,669
268,760	28,669
268,862	28,669
268,964	28,669
269,066	28,670
269,168	28,670
269,270	28,670
269,372	28,670
269,474	28,670
269,576	28,670
269,678	28,670
269,780	28,672
269,882	28,672
269,984	28,672
270,086	28,673
270,188	28,673
270,290	28,676
270,392	28,676
270,494	28,676
270,596	28,681
270,698	28,681
270,800	28,686
270,902	28,686
271,005	28,686
271,107	28,692
271,209	28,692
271,311	28,701
271,413	28,701
271,515	28,709
271,617	28,709
271,719	28,709
271,821	28,717
271,923	28,717
272,025	28,724
272,126	28,724
272,228	28,724
272,330	28,730
272,432	28,730
272,534	28,735
272,636	28,735
272,738	28,735
272,840	28,736
272,942	28,736
273,044	28,735
273,146	28,735
273,248	28,735
273,350	28,733
273,452	28,733
273,554	28,731
273,656	28,731
273,758	28,731
273,860	28,728
273,962	28,728
274,064	28,726
274,165	28,726
274,265	28,726
274,365	28,723
274,467	28,723
274,569	28,720
274,671	28,720
274,773	28,716
274,875	28,716
274,977	28,716
275,079	28,711
275,181	28,711
275,283	28,708
275,385	28,708
275,487	28,708
275,589	28,706
275,691	28,706
275,793	28,706
275,895	28,706
275,997	28,706
276,099	28,708
276,201	28,708
276,303	28,709
276,405	28,709
276,507	28,709
276,609	28,711
276,711	28,711
276,813	28,712
276,915	28,712
277,017	28,712
277,119	28,713
277,221	28,713
277,323	28,714
277,425	28,714
277,527	28,714
277,629	28,717
277,731	28,717
277,833	28,720
277,935	28,720
278,037	28,723
278,139	28,723
278,241	28,723
278,343	28,725
278,445	28,725
278,547	28,726
278,649	28,726
278,751	28,726
278,853	28,727
278,955	28,727
279,057	28,726
279,159	28,726
279,261	28,726
279,363	28,726
279,465	28,726
279,567	28,726
279,669	28,726
279,771	28,726
279,873	28,728
279,975	28,728
280,077	28,730
280,179	28,730
280,281	28,730
280,383	28,734
280,485	28,734
280,587	28,739
280,689	28,739
280,791	28,739
280,893	28,743
280,995	28,743
281,097	28,747
281,199	28,747
281,301	28,751
281,403	28,751
281,505	28,751
281,607	28,754
281,709	28,754
281,811	28,756
281,913	28,756
282,015	28,756
282,117	28,757
282,219	28,757
282,321	28,756
282,423	28,756
282,525	28,756
282,627	28,755
282,729	28,755
282,831	28,754
282,933	28,754
283,035	28,754
283,137	28,752
283,239	28,752
283,341	28,751
283,443	28,751
283,545	28,751
283,647	28,749
283,749	28,749
283,851	28,747
283,953	28,747
284,055	28,747
284,157	28,746
284,259	28,746
284,361	28,745
284,463	28,745
284,565	28,746
284,667	28,746
284,769	28,746
284,871	28,746
284,973	28,746
285,075	28,746
285,177	28,746
285,279	28,746
285,381	28,746
285,483	28,746
285,585	28,745
285,687	28,745
285,789	28,745
285,891	28,743
285,993	28,743
286,095	28,740
286,197	28,740
286,299	28,740
286,401	28,738
286,503	28,738
286,605	28,738
286,707	28,738
286,809	28,738
286,911	28,739
287,013	28,739
287,115	28,740
287,217	28,740
287,319	28,740
287,421	28,739
287,523	28,739
287,625	28,739
287,727	28,739
287,829	28,738
287,931	28,738
288,033	28,738
288,135	28,736
288,237	28,736
288,339	28,736
288,441	28,736
288,544	28,736
288,646	28,735
288,748	28,735
288,850	28,735
288,952	28,735
289,054	28,735
289,156	28,735
289,258	28,735
289,360	28,733
289,462	28,733
289,564	28,733
289,665	28,731
289,767	28,731
289,869	28,729
289,971	28,729
290,073	28,729
290,175	28,727
290,277	28,727
290,379	28,727
290,481	28,727
290,583	28,727
290,685	28,726
290,787	28,726
290,889	28,726
290,991	28,726
291,093	28,726
291,195	28,726
291,297	28,726
291,399	28,727
291,501	28,727
291,603	28,729
291,705	28,729
291,807	28,729
291,909	28,729
292,011	28,729
292,113	28,729
292,215	28,729
292,317	28,729
292,419	28,730
292,521	28,730
292,623	28,732
292,725	28,732
292,827	28,732
292,929	28,733
293,031	28,733
293,133	28,734
293,235	28,734
293,337	28,735
293,439	28,735
293,541	28,735
293,643	28,737
293,745	28,737
293,847	28,737
293,949	28,739
294,051	28,739
294,153	28,741
294,255	28,741
294,357	28,744
294,459	28,744
294,561	28,744
294,663	28,747
294,765	28,747
294,867	28,750
294,969	28,750
295,071	28,750
295,173	28,752
295,275	28,752
295,377	28,756
295,479	28,756
295,581	28,756
295,683	28,762
295,785	28,762
295,887	28,769
295,989	28,769
296,091	28,769
296,193	28,776
296,295	28,776
296,397	28,784
296,499	28,784
296,601	28,784
296,703	28,793
296,805	28,793
296,907	28,799
297,009	28,799
297,111	28,806
297,213	28,806
297,315	28,806
297,417	28,813
297,519	28,813
297,621	28,821
297,723	28,821
297,825	28,821
297,927	28,829
298,029	28,829
298,131	28,837
298,233	28,837
298,335	28,837
298,437	28,842
298,539	28,842
298,641	28,844
298,743	28,844
298,845	28,844
298,947	28,845
299,049	28,845
299,151	28,844
299,253	28,844
299,355	28,844
299,457	28,840
299,559	28,840
299,661	28,837
299,763	28,837
299,865	28,837
299,967	28,832
300,069	28,832
300,171	28,828
300,273	28,828
300,375	28,828
300,477	28,824
300,579	28,824
300,681	28,819
300,783	28,819
300,885	28,814
300,987	28,814
301,089	28,814
301,191	28,810
301,293	28,810
301,395	28,805
301,497	28,805
301,599	28,805
301,701	28,800
301,803	28,800
301,905	28,797
302,007	28,797
302,109	28,797
302,211	28,794
302,313	28,794
302,415	28,792
302,517	28,792
302,619	28,792
302,721	28,790
302,823	28,790
302,925	28,787
303,027	28,787
303,129	28,787
303,231	28,783
303,333	28,783
303,435	28,780
303,537	28,780
303,639	28,780
303,741	28,778
303,843	28,778
303,945	28,776
304,047	28,776
304,149	28,775
304,251	28,775
304,353	28,775
304,455	28,773
304,557	28,773
304,659	28,772
304,761	28,772
304,863	28,772
304,965	28,771
305,067	28,771
305,169	28,771
305,271	28,771
305,373	28,771
305,475	28,772
305,577	28,772
305,679	28,773
305,781	28,773
305,883	28,773
305,986	28,775
306,088	28,775
306,190	28,776
306,292	28,776
306,394	28,776
306,496	28,777
306,598	28,777
306,700	28,780
306,802	28,780
306,904	28,780
307,006	28,783
307,107	28,783
307,209	28,785
307,311	28,785
307,413	28,786
307,515	28,786
307,617	28,786
307,719	28,789
307,821	28,789
307,923	28,792
308,025	28,792
308,127	28,792
308,229	28,794
308,331	28,794
308,433	28,796
308,535	28,796
308,637	28,796
308,739	28,797
308,841	28,797
308,943	28,797
309,045	28,797
309,147	28,797
309,249	28,797
309,351	28,797
309,453	28,797
309,555	28,797
309,657	28,797
309,759	28,796
309,861	28,796
309,963	28,797
310,065	28,797
310,167	28,797
310,269	28,799
310,371	28,799
310,473	28,802
310,575	28,802
310,677	28,805
310,779	28,805
310,881	28,805
310,983	28,807
311,085	28,807
311,187	28,809
311,289	28,809
311,391	28,809
311,493	28,811
311,595	28,811
311,697	28,812
311,799	28,812
311,901	28,812
312,003	28,814
312,105	28,814
312,207	28,817
312,309	28,817
312,411	28,817
312,513	28,820
312,615	28,820
312,717	28,824
312,819	28,824
312,921	28,826
313,023	28,826
313,125	28,826
313,227	28,828
313,329	28,828
313,431	28,829
313,533	28,829
313,635	28,829
313,737	28,829
313,839	28,829
313,941	28,827
314,043	28,827
314,145	28,827
314,247	28,825
314,349	28,825
314,451	28,822
314,553	28,822
314,655	28,822
314,757	28,820
314,859	28,820
314,961	28,816
315,063	28,816
315,165	28,816
315,267	28,812
315,369	28,812
315,471	28,808
315,573	28,808
315,675	28,808
315,777	28,804
315,879	28,804
315,981	28,802
316,083	28,802
316,185	28,799
316,287	28,799
316,389	28,799
316,491	28,795
316,593	28,795
316,695	28,791
316,797	28,791
316,899	28,791
317,001	28,789
317,103	28,789
317,205	28,786
317,307	28,786
317,409	28,786
317,511	28,784
317,613	28,784
317,715	28,782
317,817	28,782
317,919	28,782
318,021	28,780
318,123	28,780
318,225	28,778
318,327	28,778
318,429	28,778
318,531	28,777
318,633	28,777
318,735	28,776
318,837	28,776
318,939	28,776
319,041	28,774
319,143	28,774
319,245	28,772
319,347	28,772
319,449	28,772
319,551	28,770
319,653	28,770
319,755	28,770
319,857	28,770
319,959	28,769
320,061	28,769
320,163	28,769
320,265	28,769
320,367	28,769
320,469	28,768
320,571	28,768
320,673	28,768
320,775	28,767
320,877	28,767
320,979	28,767
321,081	28,767
321,183	28,767
321,285	28,767
321,387	28,767
321,489	28,767
321,591	28,767
321,693	28,767
321,795	28,768
321,897	28,768
321,999	28,768
322,101	28,768
322,203	28,768
322,305	28,768
322,407	28,768
322,509	28,768
322,611	28,768
322,713	28,768
322,815	28,768
322,917	28,768
323,019	28,768
323,121	28,768
323,223	28,768
323,325	28,768
323,427	28,768
323,530	28,768
323,632	28,768
323,734	28,770
323,836	28,770
323,938	28,770
324,040	28,772
324,142	28,772
324,244	28,774
324,346	28,774
324,448	28,774
324,550	28,777
324,651	28,777
324,753	28,779
324,855	28,779
324,957	28,779
325,059	28,781
325,161	28,781
325,263	28,782
325,365	28,782
325,467	28,782
325,569	28,782
325,671	28,782
325,773	28,783
325,875	28,783
325,977	28,783
326,079	28,783
326,181	28,783
326,283	28,783
326,385	28,783
326,487	28,782
326,589	28,782
326,691	28,782
326,793	28,780
326,895	28,780
326,997	28,778
327,099	28,778
327,201	28,778
327,303	28,775
327,405	28,775
327,507	28,774
327,609	28,774
327,711	28,774
327,813	28,772
327,915	28,772
328,017	28,770
328,119	28,770
328,221	28,770
328,323	28,768
328,425	28,768
328,527	28,767
328,629	28,767
328,731	28,767
328,833	28,766
328,935	28,766
329,037	28,765
329,139	28,765
329,241	28,765
329,343	28,765
329,445	28,765
329,547	28,766
329,649	28,766
329,751	28,766
329,853	28,766
329,955	28,766
330,057	28,765
330,159	28,765
330,261	28,764
330,363	28,764
330,465	28,764
330,567	28,763
330,669	28,763
330,771	28,762
330,873	28,762
330,975	28,762
331,077	28,761
331,179	28,761
331,281	28,761
331,383	28,761
331,485	28,761
331,587	28,760
331,689	28,760
331,791	28,760
331,893	28,760
331,995	28,760
332,097	28,760
332,199	28,760
332,301	28,760
332,403	28,760
332,505	28,759
332,607	28,759
332,709	28,759
332,811	28,758
332,913	28,758
333,015	28,758
333,117	28,758
333,219	28,758
333,321	28,758
333,423	28,758
333,525	28,759
333,627	28,759
333,729	28,759
333,831	28,760
333,933	28,760
334,035	28,760
334,137	28,760
334,239	28,760
334,341	28,761
334,443	28,761
334,545	28,761
334,647	28,761
334,749	28,761
334,851	28,762
334,953	28,762
335,055	28,762
335,157	28,762
335,259	28,762
335,361	28,763
335,463	28,763
335,565	28,764
335,667	28,764
335,769	28,765
335,871	28,765
335,973	28,765
336,075	28,766
336,177	28,766
336,279	28,768
336,381	28,768
336,483	28,768
336,585	28,769
336,687	28,769
336,789	28,771
336,891	28,771
336,993	28,771
337,095	28,772
337,197	28,772
337,299	28,774
337,401	28,774
337,503	28,774
337,605	28,775
337,707	28,775
337,809	28,776
337,911	28,776
338,013	28,776
338,115	28,777
338,217	28,777
338,319	28,779
338,421	28,779
338,523	28,779
338,625	28,781
338,727	28,781
338,829	28,783
338,931	28,783
339,033	28,783
339,135	28,784
339,237	28,784
339,339	28,785
339,441	28,785
339,543	28,786
339,645	28,786
339,747	28,786
339,849	28,785
339,951	28,785
340,053	28,784
340,155	28,784
340,257	28,784
340,359	28,784
340,461	28,784
340,563	28,784
340,665	28,784
340,767	28,784
340,869	28,783
340,972	28,783
341,074	28,781
341,176	28,781
341,278	28,781
341,380	28,780
341,482	28,780
341,584	28,778
341,686	28,778
341,788	28,778
341,890	28,777
341,992	28,777
342,093	28,777
342,195	28,777
342,297	28,777
342,399	28,776
342,501	28,776
342,603	28,777
342,705	28,777
342,807	28,778
342,909	28,778
343,011	28,778
343,113	28,779
343,215	28,779
343,317	28,779
343,419	28,779
343,521	28,779
343,623	28,778
343,725	28,778
343,827	28,778
343,929	28,778
344,031	28,778
344,133	28,779
344,235	28,779
344,337	28,780
344,439	28,780
344,541	28,780
344,643	28,780
344,745	28,780
344,847	28,779
344,949	28,779
345,051	28,779
345,153	28,780
345,255	28,780
345,357	28,780
345,459	28,780
345,561	28,780
345,663	28,779
345,765	28,779
345,867	28,779
345,969	28,779
346,071	28,780
346,173	28,780
346,275	28,780
346,377	28,779
346,479	28,779
346,581	28,779
346,683	28,779
346,785	28,779
346,887	28,778
346,989	28,778
347,091	28,777
347,193	28,777
347,295	28,777
347,397	28,777
347,499	28,777
347,601	28,778
347,703	28,778
347,805	28,778
347,907	28,778
348,009	28,778
348,111	28,777
348,213	28,777
348,315	28,777
348,417	28,777
348,519	28,777
348,621	28,778
348,723	28,778
348,825	28,778
348,927	28,778
349,029	28,778
349,131	28,778
349,233	28,778
349,335	28,778
349,437	28,778
349,539	28,778
349,641	28,779
349,743	28,779
349,845	28,780
349,947	28,780
350,049	28,780
350,151	28,780
350,253	28,780
350,355	28,780
350,457	28,780
350,559	28,780
350,661	28,780
350,763	28,780
350,865	28,780
350,967	28,780
351,069	28,780
351,171	28,780
351,273	28,780
351,375	28,779
351,477	28,779
351,579	28,778
351,681	28,778
351,783	28,778
351,885	28,777
351,987	28,777
352,089	28,778
352,191	28,778
352,293	28,778
352,395	28,779
352,497	28,779
352,599	28,780
352,701	28,780
352,803	28,780
352,905	28,781
353,007	28,781
353,109	28,781
353,211	28,781
353,313	28,781
353,415	28,782
353,517	28,782
353,619	28,782
353,721	28,782
353,823	28,782
353,925	28,782
354,027	28,782
354,129	28,782
354,231	28,782
354,333	28,782
354,435	28,782
354,537	28,782
354,639	28,782
354,741	28,782
354,843	28,782
354,945	28,782
355,047	28,782
355,149	28,782
355,251	28,782
355,353	28,781
355,455	28,781
355,557	28,781
355,659	28,781
355,761	28,781
355,863	28,781
355,965	28,781
356,067	28,781
356,169	28,782
356,271	28,782
356,373	28,783
356,475	28,783
356,577	28,783
356,679	28,784
356,781	28,784
356,883	28,784
356,985	28,784
357,087	28,784
357,189	28,784
357,291	28,784
357,393	28,783
357,495	28,783
357,597	28,783
357,699	28,783
357,801	28,783
357,903	28,782
358,005	28,782
358,107	28,782
358,209	28,781
358,311	28,781
358,414	28,780
358,516	28,780
358,618	28,780
358,720	28,780
358,822	28,780
358,924	28,780
359,026	28,780
359,128	28,780
359,230	28,780
359,332	28,780
359,434	28,780
359,535	28,780
359,637	28,779
359,739	28,779
359,841	28,779
359,943	28,779
360,045	28,779
360,147	28,780
360,249	28,780
360,351	28,780
360,453	28,780
360,555	28,780
360,657	28,779
360,759	28,779
360,861	28,779
360,963	28,778
361,065	28,778
361,167	28,778
361,269	28,778
361,371	28,778
361,473	28,778
361,575	28,778
361,677	28,777
361,779	28,777
361,881	28,777
361,983	28,777
362,085	28,777
362,187	28,778
362,289	28,778
362,391	28,778
362,493	28,778
362,595	28,778
362,697	28,778
362,799	28,778
362,901	28,777
363,003	28,777
363,105	28,777
363,207	28,776
363,309	28,776
363,411	28,776
363,513	28,776
363,615	28,776
363,717	28,777
363,819	28,777
363,921	28,777
364,023	28,777
364,125	28,777
364,227	28,777
364,329	28,777
364,431	28,777
364,533	28,777
364,635	28,777
364,737	28,777
364,839	28,777
364,941	28,776
365,043	28,776
365,145	28,776
365,247	28,776
365,349	28,776
365,451	28,776
365,553	28,776
365,655	28,777
365,757	28,777
365,859	28,777
365,961	28,778
366,063	28,778
366,165	28,777
366,267	28,777
366,369	28,777
366,471	28,777
366,573	28,777
366,675	28,778
366,777	28,778
366,879	28,778
366,981	28,778
367,083	28,778
367,185	28,778
367,287	28,778
367,389	28,778
367,491	28,778
367,593	28,778
367,695	28,778
367,797	28,778
367,899	28,778
368,001	28,780
368,103	28,780
368,205	28,781
368,307	28,781
368,409	28,781
368,511	28,781
368,613	28,781
368,715	28,780
368,817	28,780
368,919	28,780
369,021	28,780
369,123	28,780
369,225	28,781
369,327	28,781
369,429	28,781
369,531	28,781
369,633	28,781
369,735	28,781
369,837	28,781
369,939	28,781
370,041	28,781
370,143	28,781
370,245	28,781
370,347	28,781
370,449	28,781
370,551	28,781
370,653	28,781
370,755	28,781
370,857	28,781
370,959	28,782
371,061	28,782
371,163	28,782
371,265	28,782
371,367	28,782
371,469	28,782
371,571	28,782
371,673	28,783
371,775	28,783
371,877	28,783
371,979	28,784
372,081	28,784
372,183	28,784
372,285	28,784
372,387	28,784
372,489	28,783
372,591	28,783
372,693	28,782
372,795	28,782
372,897	28,782
372,999	28,781
373,101	28,781
373,203	28,780
373,305	28,780
373,407	28,780
373,509	28,780
373,611	28,780
373,713	28,780
373,815	28,780
373,917	28,780
374,019	28,781
374,121	28,781
374,223	28,780
374,325	28,780
374,427	28,780
374,529	28,780
374,631	28,780
374,733	28,780
374,835	28,780
374,937	28,781
375,039	28,781
375,141	28,781
375,243	28,782
375,345	28,782
375,447	28,782
375,549	28,782
375,651	28,782
375,753	28,783
375,855	28,783
375,958	28,783
376,060	28,783
376,162	28,783
376,264	28,783
376,366	28,783
376,468	28,782
376,570	28,782
376,672	28,782
376,774	28,781
376,876	28,781
376,978	28,781
377,079	28,781
377,181	28,781
377,283	28,782
377,385	28,782
377,487	28,783
377,589	28,783
377,691	28,783
377,793	28,784
377,895	28,784
377,997	28,784
378,099	28,784
378,201	28,784
378,303	28,784
378,405	28,784
378,507	28,784
378,609	28,784
378,711	28,784
378,813	28,784
378,915	28,784
379,017	28,784
379,119	28,784
379,221	28,785
379,323	28,785
379,425	28,785
379,527	28,785
379,629	28,785
379,731	28,785
379,833	28,785
379,935	28,785
380,037	28,786
380,139	28,786
380,241	28,787
380,343	28,787
380,445	28,787
380,547	28,787
380,649	28,787
380,751	28,787
380,853	28,787
380,955	28,787
381,057	28,785
381,159	28,785
381,261	28,785
381,363	28,785
381,465	28,786
381,567	28,786
381,669	28,786
381,771	28,786
381,873	28,786
381,975	28,786
382,077	28,786
382,179	28,786
382,281	28,787
382,383	28,787
382,485	28,788
382,587	28,788
382,689	28,788
382,791	28,789
382,893	28,789
382,995	28,789
383,097	28,789
383,199	28,789
383,301	28,789
383,403	28,789
383,505	28,788
383,607	28,788
383,709	28,788
383,811	28,788
383,913	28,788
384,015	28,788
384,117	28,788
384,219	28,788
384,321	28,787
384,423	28,787
384,525	28,787
384,627	28,787
384,729	28,786
384,831	28,786
384,933	28,786
385,035	28,786
385,137	28,786
385,239	28,787
385,341	28,787
385,443	28,787
385,545	28,787
385,647	28,787
385,749	28,787
385,850	28,787
385,951	28,787
386,053	28,786
386,155	28,786
386,257	28,785
386,359	28,785
386,461	28,785
386,563	28,786
386,665	28,786
386,767	28,785
386,869	28,785
386,971	28,786
387,073	28,786
387,175	28,786
387,277	28,787
387,379	28,787
387,481	28,786
387,583	28,786
387,685	28,786
387,787	28,785
387,889	28,785
387,991	28,785
388,093	28,785
388,195	28,785
388,297	28,784
388,399	28,784
388,501	28,784
388,603	28,784
388,705	28,784
388,807	28,783
388,909	28,783
389,011	28,784
389,113	28,784
389,215	28,784
389,317	28,784
389,419	28,784
389,521	28,785
389,623	28,785
389,725	28,785
389,827	28,785
389,929	28,785
390,031	28,786
390,133	28,786
390,235	28,786
390,337	28,787
390,439	28,787
390,541	28,786
390,643	28,786
390,745	28,786
390,847	28,786
390,949	28,786
391,051	28,786
391,153	28,786
391,255	28,786
391,357	28,786
391,459	28,786
391,561	28,786
391,663	28,786
391,765	28,787
391,867	28,787
391,969	28,787
392,071	28,787
392,173	28,787
392,275	28,786
392,377	28,786
392,479	28,786
392,581	28,786
392,683	28,786
392,785	28,785
392,887	28,785
392,989	28,785
393,091	28,784
393,193	28,784
393,295	28,784
393,398	28,784
393,500	28,784
393,602	28,785
393,704	28,785
393,806	28,786
393,908	28,786
394,010	28,786
394,112	28,786
394,214	28,786
394,316	28,785
394,418	28,785
394,519	28,783
394,621	28,783
394,723	28,783
394,825	28,782
394,927	28,782
395,029	28,782
395,131	28,782
395,233	28,782
395,335	28,782
395,437	28,782
395,539	28,782
395,641	28,782
395,743	28,782
395,845	28,783
395,947	28,783
396,049	28,783
396,151	28,783
396,253	28,783
396,355	28,783
396,457	28,783
396,559	28,784
396,661	28,784
396,763	28,784
396,865	28,783
396,967	28,783
397,069	28,783
397,171	28,783
397,273	28,783
397,375	28,785
397,477	28,785
397,579	28,786
397,681	28,786
397,783	28,786
397,885	28,786
397,987	28,786
398,089	28,785
398,191	28,785
398,293	28,785
398,395	28,785
398,497	28,785
398,599	28,785
398,701	28,785
398,803	28,785
398,905	28,785
399,007	28,785
399,109	28,786
399,211	28,786
399,313	28,785
399,415	28,785
399,517	28,785
399,619	28,785
399,721	28,785
399,823	28,785
399,925	28,785
400,027	28,785
400,129	28,784
400,231	28,784
400,333	28,783
400,435	28,783
400,537	28,783
400,639	28,783
400,741	28,783
400,843	28,783
400,945	28,783
401,047	28,783
401,149	28,783
401,251	28,783
401,353	28,783
401,455	28,783
401,557	28,783
401,659	28,783
401,761	28,783
401,863	28,781
401,965	28,781
402,067	28,780
402,169	28,780
402,271	28,780
402,373	28,781
402,475	28,781
402,577	28,783
402,679	28,783
402,781	28,783
402,883	28,785
402,985	28,785
403,087	28,785
403,189	28,785
403,291	28,785
403,393	28,785
403,495	28,785
403,597	28,786
403,699	28,786
403,801	28,785
403,903	28,785
404,005	28,785
404,107	28,784
404,209	28,784
404,311	28,783
404,413	28,783
404,515	28,783
404,617	28,783
404,719	28,783
404,821	28,783
404,923	28,783
405,025	28,783
405,127	28,785
405,229	28,785
405,331	28,785
405,433	28,785
405,535	28,785
405,637	28,785
405,739	28,785
405,841	28,785
405,943	28,785
406,045	28,785
406,147	28,786
406,249	28,786
406,351	28,785
406,453	28,785
406,555	28,785
406,657	28,785
406,759	28,785
406,861	28,785
406,963	28,785
407,065	28,786
407,167	28,786
407,269	28,786
407,371	28,788
407,473	28,788
407,575	28,789
407,677	28,789
407,779	28,789
407,881	28,788
407,983	28,788
408,085	28,788
408,187	28,788
408,289	28,788
408,391	28,788
408,493	28,788
408,595	28,787
408,697	28,787
408,799	28,787
408,901	28,786
409,003	28,786
409,105	28,785
409,207	28,785
409,309	28,785
409,411	28,785
409,513	28,785
409,615	28,784
409,717	28,784
409,819	28,784
409,921	28,784
410,023	28,784
410,125	28,784
410,227	28,784
410,329	28,784
410,431	28,784
410,533	28,784
410,635	28,784
410,737	28,784
410,839	28,783
410,942	28,783
411,044	28,783
411,146	28,783
411,248	28,783
411,350	28,782
411,452	28,782
411,554	28,782
411,656	28,781
411,758	28,781
411,860	28,781
411,962	28,781
412,063	28,781
412,165	28,782
412,267	28,782
412,369	28,782
412,471	28,782
412,573	28,782
412,675	28,782
412,777	28,782
412,879	28,782
412,981	28,782
413,083	28,782
413,185	28,781
413,287	28,781
413,389	28,781
413,491	28,781
413,593	28,781
413,695	28,781
413,797	28,781
413,899	28,782
414,001	28,782
414,103	28,783
414,205	28,783
414,307	28,783
414,409	28,782
414,511	28,782
414,613	28,782
414,715	28,782
414,817	28,782
414,919	28,782
415,021	28,782
415,123	28,782
415,225	28,782
415,327	28,782
415,429	28,782
415,531	28,782
415,633	28,782
415,735	28,782
415,837	28,782
415,939	28,782
416,041	28,782
416,143	28,782
416,245	28,782
416,347	28,782
416,449	28,782
416,551	28,782
416,653	28,782
416,755	28,782
416,857	28,783
416,959	28,783
417,061	28,783
417,163	28,783
417,265	28,783
417,367	28,783
417,469	28,783
417,571	28,783
417,673	28,782
417,775	28,782
417,877	28,782
417,979	28,782
418,081	28,782
418,183	28,782
418,285	28,782
418,387	28,781
418,489	28,781
418,591	28,781
418,693	28,780
418,795	28,780
418,897	28,780
418,999	28,780
419,101	28,780
419,203	28,781
419,305	28,781
419,407	28,783
419,509	28,783
419,611	28,783
419,713	28,784
419,815	28,784
419,917	28,785
420,019	28,785
420,121	28,786
420,223	28,786
420,325	28,786
420,427	28,786
420,529	28,786
420,631	28,786
420,733	28,786
420,835	28,786
420,937	28,786
421,039	28,786
421,141	28,786
421,243	28,786
421,345	28,786
421,447	28,786
421,549	28,786
421,651	28,787
421,753	28,787
421,855	28,787
421,957	28,788
422,059	28,788
422,161	28,788
422,263	28,788
422,365	28,788
422,467	28,789
422,569	28,789
422,671	28,789
422,773	28,789
422,875	28,788
422,977	28,788
423,079	28,788
423,181	28,788
423,283	28,788
423,385	28,789
423,487	28,789
423,589	28,789
423,691	28,788
423,793	28,788
423,895	28,787
423,997	28,787
424,099	28,787
424,201	28,786
424,303	28,786
424,405	28,786
424,507	28,786
424,609	28,786
424,711	28,786
424,813	28,786
424,915	28,784
425,017	28,784
425,119	28,784
425,221	28,783
425,323	28,783
425,425	28,783
425,527	28,783
425,629	28,783
425,731	28,784
425,833	28,784
425,935	28,785
426,037	28,785
426,139	28,784
426,241	28,784
426,343	28,784
426,445	28,783
426,547	28,783
426,649	28,784
426,751	28,784
426,853	28,784
426,955	28,784
427,057	28,784
427,159	28,784
427,261	28,784
427,363	28,784
427,465	28,784
427,567	28,784
427,669	28,784
427,771	28,784
427,873	28,784
427,975	28,784
428,077	28,784
428,179	28,784
428,281	28,784
428,384	28,784
428,486	28,784
428,588	28,784
428,690	28,785
428,792	28,785
428,894	28,785
428,996	28,785
429,098	28,785
429,200	28,784
429,302	28,784
429,404	28,784
429,505	28,784
429,607	28,784
429,709	28,784
429,811	28,784
429,913	28,784
430,015	28,784
430,117	28,784
430,219	28,784
430,321	28,784
430,423	28,784
430,525	28,784
430,627	28,784
430,729	28,784
430,831	28,784
430,933	28,784
431,035	28,784
431,137	28,784
431,239	28,783
431,341	28,783
431,443	28,783
431,545	28,783
431,647	28,783
431,749	28,783
431,851	28,783
431,953	28,783
432,055	28,783
432,157	28,783
432,259	28,783
432,361	28,783
432,463	28,784
432,565	28,784
432,667	28,784
432,769	28,785
432,871	28,785
432,973	28,785
433,075	28,785
433,177	28,784
433,279	28,784
433,381	28,784
433,483	28,784
433,585	28,784
433,687	28,784
433,789	28,784
433,891	28,784
433,993	28,784
434,095	28,784
434,197	28,783
434,299	28,783
434,401	28,783
434,503	28,783
434,605	28,783
434,707	28,783
434,809	28,783
434,911	28,783
435,013	28,783
435,115	28,783
435,217	28,782
435,319	28,782
435,421	28,782
435,523	28,782
435,625	28,782
435,727	28,783
435,829	28,783
435,931	28,783
436,033	28,782
436,135	28,782
436,237	28,782
436,339	28,782
436,441	28,783
436,543	28,783
436,645	28,783
436,747	28,783
436,849	28,783
436,951	28,783
437,053	28,783
437,155	28,783
437,257	28,782
437,359	28,782
437,461	28,782
437,563	28,782
437,665	28,782
437,767	28,782
437,869	28,782
437,971	28,782
438,073	28,782
438,175	28,782
438,277	28,782
438,379	28,782
438,481	28,782
438,583	28,782
438,685	28,782
438,787	28,782
438,889	28,782
438,991	28,783
439,093	28,783
439,195	28,784
439,297	28,784
439,399	28,784
439,501	28,784
439,603	28,784
439,705	28,783
439,807	28,783
439,909	28,783
440,011	28,782
440,113	28,782
440,215	28,783
440,317	28,783
440,419	28,783
440,521	28,784
440,623	28,784
440,725	28,784
440,827	28,784
440,929	28,784
441,031	28,784
441,133	28,784
441,235	28,784
441,337	28,784
441,439	28,784
441,541	28,785
441,643	28,785
441,745	28,785
441,847	28,785
441,949	28,785
442,051	28,784
442,153	28,784
442,255	28,783
442,357	28,783
442,459	28,783
442,561	28,783
442,663	28,783
442,765	28,783
442,867	28,783
442,969	28,784
443,071	28,784
443,173	28,784
443,275	28,784
443,377	28,784
443,479	28,783
443,581	28,783
443,683	28,783
443,785	28,782
443,887	28,782
443,989	28,782
444,091	28,782
444,193	28,782
444,295	28,782
444,397	28,782
444,499	28,781
444,601	28,781
444,703	28,781
444,805	28,781
444,907	28,781
445,009	28,782
445,111	28,782
445,213	28,782
445,315	28,782
445,417	28,782
445,519	28,782
445,621	28,782
445,723	28,781
445,826	28,781
445,928	28,781
446,030	28,780
446,132	28,780
446,234	28,780
446,336	28,780
446,438	28,780
446,540	28,780
446,642	28,780
446,744	28,780
446,846	28,780
446,948	28,780
447,049	28,780
447,151	28,780
447,253	28,780
447,355	28,780
447,457	28,780
447,559	28,779
447,661	28,779
447,763	28,779
447,865	28,779
447,967	28,779
448,069	28,780
448,171	28,780
448,273	28,780
448,375	28,780
448,477	28,780
448,579	28,778
448,681	28,778
448,783	28,777
448,885	28,777
448,987	28,777
449,089	28,777
449,191	28,777
449,293	28,778
449,395	28,778
449,497	28,779
449,599	28,779
449,701	28,779
449,803	28,778
449,905	28,778
450,007	28,778
450,109	28,778
450,211	28,778
450,313	28,778
450,415	28,778
450,517	28,778
450,619	28,778
450,721	28,778
450,823	28,777
450,925	28,777
451,027	28,776
451,129	28,776
451,231	28,776
451,333	28,776
451,435	28,776
451,537	28,775
451,639	28,775
451,741	28,775
451,843	28,776
451,945	28,776
452,047	28,777
452,149	28,777
452,251	28,778
452,353	28,778
452,455	28,778
452,557	28,779
452,659	28,779
452,761	28,779
452,863	28,779
452,965	28,779
453,067	28,780
453,169	28,780
453,271	28,781
453,373	28,781
453,475	28,781
453,577	28,782
453,679	28,782
453,781	28,781
453,883	28,781
453,985	28,781
454,087	28,782
454,189	28,782
454,291	28,782
454,393	28,782
454,495	28,782
454,597	28,782
454,699	28,782
454,801	28,782
454,903	28,782
455,005	28,782
455,107	28,783
455,209	28,783
455,311	28,784
455,413	28,784
455,515	28,784
455,617	28,784
455,719	28,784
455,821	28,784
455,923	28,784
456,025	28,782
456,127	28,782
456,229	28,782
456,331	28,782
456,433	28,782
456,535	28,782
456,637	28,782
456,739	28,782
456,841	28,782
456,943	28,782
457,045	28,782
457,147	28,782
457,249	28,782
457,351	28,782
457,453	28,782
457,555	28,782
457,657	28,782
457,759	28,782
457,861	28,782
457,963	28,782
458,065	28,781
458,167	28,781
458,269	28,781
458,371	28,781
458,473	28,781
458,575	28,781
458,677	28,781
458,779	28,781
458,881	28,781
458,983	28,781
459,085	28,782
459,187	28,782
459,289	28,781
459,391	28,781
459,493	28,781
459,595	28,781
459,697	28,781
459,799	28,781
459,901	28,781
460,003	28,781
460,105	28,783
460,207	28,783
460,309	28,782
460,411	28,782
460,513	28,782
460,615	28,782
460,717	28,782
460,819	28,781
460,921	28,781
461,023	28,781
461,125	28,780
461,227	28,780
461,329	28,781
461,431	28,781
461,533	28,782
461,635	28,782
461,737	28,782
461,839	28,782
461,941	28,782
462,043	28,781
462,145	28,781
462,247	28,781
462,349	28,781
462,451	28,781
462,553	28,781
462,655	28,781
462,757	28,781
462,859	28,782
462,961	28,782
463,063	28,781
463,165	28,781
463,267	28,781
463,370	28,780
463,472	28,780
463,574	28,780
463,676	28,780
463,778	28,780
463,880	28,780
463,982	28,780
464,084	28,780
464,186	28,780
464,288	28,780
464,390	28,781
464,491	28,781
464,593	28,781
464,695	28,781
464,797	28,781
464,899	28,781
465,001	28,781
465,103	28,781
465,205	28,781
465,307	28,781
465,409	28,781
465,511	28,781
465,613	28,781
465,715	28,781
465,817	28,782
465,919	28,782
466,021	28,782
466,123	28,782
466,225	28,782
466,327	28,781
466,429	28,781
466,531	28,781
466,633	28,781
466,735	28,781
466,837	28,781
466,939	28,781
467,041	28,781
467,143	28,780
467,245	28,780
467,347	28,780
467,449	28,780
467,551	28,780
467,653	28,780
467,755	28,780
467,857	28,780
467,959	28,780
468,061	28,780
468,163	28,780
468,265	28,780
468,367	28,780
468,469	28,780
468,571	28,779
468,673	28,779
468,775	28,779
468,877	28,779
468,979	28,779
469,081	28,780
469,183	28,780
469,285	28,780
469,387	28,781
469,489	28,781
469,591	28,780
469,693	28,780
469,795	28,780
469,897	28,779
469,999	28,779
470,101	28,778
470,203	28,778
470,305	28,778
470,407	28,777
470,509	28,777
470,611	28,777
470,713	28,777
470,815	28,777
470,917	28,777
471,019	28,777
471,121	28,777
471,223	28,777
471,325	28,777
471,427	28,778
471,529	28,778
471,631	28,778
471,733	28,778
471,835	28,778
471,937	28,778
472,039	28,778
472,141	28,778
472,243	28,778
472,345	28,778
472,447	28,778
472,549	28,778
472,651	28,778
472,753	28,778
472,855	28,779
472,957	28,779
473,059	28,779
473,161	28,779
473,263	28,779
473,365	28,779
473,467	28,779
473,569	28,779
473,671	28,780
473,773	28,780
473,875	28,780
473,977	28,780
474,079	28,780
474,181	28,780
474,283	28,780
474,385	28,781
474,487	28,781
474,589	28,781
474,691	28,780
474,793	28,780
474,895	28,778
474,997	28,778
475,099	28,776
475,201	28,776
475,303	28,776
475,405	28,775
475,507	28,775
475,609	28,775
475,711	28,775
475,813	28,775
475,915	28,774
476,017	28,774
476,119	28,773
476,221	28,773
476,323	28,773
476,425	28,774
476,527	28,774
476,629	28,774
476,731	28,774
476,833	28,774
476,935	28,774
477,037	28,774
477,139	28,775
477,241	28,775
477,343	28,775
477,445	28,774
477,547	28,774
477,649	28,774
477,751	28,774
477,853	28,774
477,955	28,774
478,057	28,774
478,159	28,774
478,261	28,774
478,363	28,775
478,465	28,775
478,567	28,775
478,669	28,775
478,771	28,775
478,873	28,775
478,975	28,775
479,077	28,775
479,179	28,774
479,281	28,774
479,383	28,775
479,485	28,775
479,587	28,775
479,689	28,776
479,791	28,776
479,893	28,776
479,995	28,776
480,097	28,776
480,199	28,776
480,301	28,776
480,403	28,776
480,505	28,776
480,607	28,775
480,709	28,775
480,812	28,775
480,914	28,775
481,016	28,775
481,118	28,775
481,220	28,775
481,322	28,775
481,424	28,774
481,526	28,774
481,628	28,773
481,730	28,773
481,832	28,773
481,933	28,772
482,035	28,772
482,137	28,771
482,239	28,771
482,341	28,771
482,443	28,771
482,545	28,771
482,647	28,771
482,749	28,771
482,851	28,771
482,953	28,771
483,055	28,771
483,157	28,772
483,259	28,772
483,361	28,772
483,463	28,774
483,565	28,774
483,667	28,774
483,769	28,774
483,871	28,774
483,973	28,774
484,075	28,774
484,177	28,775
484,279	28,775
484,381	28,775
484,483	28,775
484,585	28,775
484,687	28,774
484,789	28,774
484,891	28,773
484,993	28,773
485,095	28,773
485,197	28,773
485,299	28,773
485,401	28,773
485,503	28,773
485,605	28,773
485,707	28,773
485,809	28,773
485,911	28,772
486,013	28,772
486,115	28,772
486,217	28,772
486,319	28,772
486,421	28,772
486,523	28,772
486,625	28,772
486,727	28,772
486,829	28,772
486,931	28,771
487,033	28,771
487,135	28,771
487,237	28,771
487,339	28,771
487,441	28,771
487,543	28,771
487,645	28,771
487,747	28,771
487,849	28,771
487,951	28,772
488,053	28,772
488,155	28,773
488,257	28,773
488,359	28,773
488,461	28,772
488,563	28,772
488,665	28,771
488,767	28,771
488,869	28,771
488,971	28,772
489,073	28,772
489,175	28,772
489,277	28,772
489,379	28,772
489,481	28,771
489,583	28,771
489,685	28,771
489,787	28,771
489,889	28,771
489,991	28,770
490,093	28,770
490,195	28,770
490,297	28,770
490,399	28,770
490,501	28,771
490,603	28,771
490,705	28,772
490,807	28,772
490,909	28,772
491,011	28,772
491,113	28,772
491,215	28,772
491,317	28,772
491,419	28,772
491,521	28,772
491,623	28,772
491,725	28,773
491,827	28,773
491,929	28,772
492,031	28,772
492,133	28,772
492,235	28,772
492,337	28,772
492,439	28,772
492,541	28,772
492,643	28,772
492,745	28,771
492,847	28,771
492,949	28,772
493,051	28,772
493,153	28,772
493,255	28,772
493,357	28,772
493,459	28,771
493,561	28,771
493,663	28,771
493,765	28,770
493,867	28,770
493,969	28,771
494,071	28,771
494,173	28,771
494,275	28,771
494,377	28,771
494,479	28,772
494,581	28,772
494,683	28,773
494,785	28,773
494,887	28,773
494,989	28,774
495,091	28,774
495,193	28,775
495,295	28,775
495,397	28,775
495,499	28,775
495,601	28,775
495,703	28,775
495,805	28,775
495,907	28,775
496,009	28,775
496,111	28,775
496,213	28,775
496,315	28,775
496,417	28,776
496,519	28,776
496,621	28,776
496,723	28,776
496,825	28,776
496,927	28,776
497,029	28,774
497,131	28,774
497,233	28,773
497,335	28,773
497,437	28,773
497,539	28,773
497,641	28,773
497,743	28,773
497,845	28,773
497,947	28,773
498,049	28,773
498,151	28,773
498,253	28,773
498,356	28,773
498,458	28,772
498,560	28,772
498,662	28,772
498,764	28,772
498,866	28,772
498,968	28,772
499,070	28,772
499,172	28,772
499,274	28,772
499,376	28,772
499,477	28,772
499,579	28,772
499,681	28,772
499,783	28,773
499,885	28,773
499,987	28,772
500,089	28,772
500,191	28,772
500,293	28,772
500,395	28,772
500,497	28,772
500,599	28,772
500,701	28,773
500,803	28,773
500,905	28,773
