0,000	27,050
0,101	27,051
0,203	27,051
0,305	27,053
0,407	27,053
0,509	27,053
0,611	27,054
0,713	27,054
0,815	27,055
0,917	27,055
1,019	27,055
1,121	27,056
1,223	27,056
1,325	27,057
1,427	27,057
1,529	27,057
1,631	27,057
1,733	27,057
1,835	27,058
1,937	27,058
2,039	27,059
2,141	27,059
2,243	27,059
2,345	27,059
2,447	27,059
2,549	27,058
2,651	27,058
2,753	27,058
2,855	27,057
2,957	27,057
3,059	27,057
3,161	27,057
3,263	27,057
3,365	27,056
3,467	27,056
3,569	27,054
3,671	27,054
3,773	27,054
3,875	27,052
3,977	27,052
4,079	27,051
4,181	27,051
4,283	27,051
4,385	27,049
4,487	27,049
4,589	27,048
4,691	27,048
4,793	27,048
4,895	27,046
4,997	27,046
5,099	27,044
5,201	27,044
5,303	27,043
5,405	27,043
5,507	27,043
5,609	27,042
5,711	27,042
5,813	27,041
5,915	27,041
6,017	27,041
6,119	27,040
6,221	27,040
6,323	27,039
6,425	27,039
6,527	27,039
6,629	27,038
6,731	27,038
6,833	27,037
6,935	27,037
7,037	27,037
7,139	27,036
7,241	27,036
7,343	27,035
7,445	27,035
7,547	27,035
7,649	27,034
7,751	27,034
7,853	27,034
7,955	27,034
8,057	27,034
8,159	27,034
8,261	27,034
8,363	27,033
8,465	27,033
8,567	27,032
8,669	27,032
8,772	27,032
8,874	27,032
8,976	27,032
9,078	27,032
9,180	27,032
9,282	27,032
9,384	27,032
9,486	27,032
9,588	27,031
9,690	27,031
9,792	27,031
9,894	27,029
9,996	27,029
10,098	27,027
10,200	27,027
10,302	27,027
10,404	27,026
10,506	27,026
10,608	27,024
10,710	27,024
10,812	27,024
10,913	27,022
11,015	27,022
11,117	27,021
11,219	27,021
11,321	27,021
11,423	27,020
11,525	27,020
11,627	27,019
11,729	27,019
11,831	27,020
11,933	27,020
12,035	27,020
12,137	27,019
12,239	27,019
12,341	27,019
12,443	27,019
12,545	27,019
12,647	27,018
12,749	27,018
12,851	27,015
12,953	27,015
13,055	27,015
13,157	27,015
13,259	27,015
13,361	27,016
13,463	27,016
13,565	27,016
13,667	27,015
13,769	27,015
13,871	27,014
13,973	27,014
14,075	27,014
14,177	27,014
14,279	27,014
14,381	27,014
14,483	27,014
14,585	27,014
14,687	27,014
14,789	27,014
14,891	27,014
14,993	27,014
15,095	27,014
15,197	27,014
15,299	27,014
15,401	27,012
15,503	27,012
15,605	27,010
15,707	27,010
15,809	27,010
15,911	27,009
16,013	27,009
16,115	27,008
16,217	27,008
16,319	27,008
16,421	27,007
16,523	27,007
16,625	27,006
16,727	27,006
16,829	27,006
16,931	27,005
17,033	27,005
17,135	27,004
17,237	27,004
17,339	27,004
17,441	27,003
17,543	27,003
17,645	27,002
17,747	27,002
17,849	27,002
17,951	27,001
18,053	27,001
18,155	27,001
18,257	27,001
18,359	26,999
18,461	26,999
18,563	26,999
18,665	26,998
18,767	26,998
18,869	26,998
18,971	26,998
19,073	26,998
19,175	26,996
19,277	26,996
19,379	26,995
19,481	26,995
19,583	26,995
19,685	26,994
19,787	26,994
19,889	26,995
19,991	26,995
20,093	26,995
20,195	26,996
20,297	26,996
20,399	26,997
20,501	26,997
20,603	26,997
20,705	26,996
20,807	26,996
20,909	26,996
21,011	26,996
21,113	26,996
21,215	26,996
21,317	26,996
21,419	26,996
21,521	26,996
21,623	26,998
21,725	26,998
21,827	26,998
21,929	26,999
22,031	26,999
22,133	27,000
22,235	27,000
22,337	27,000
22,439	27,001
22,541	27,001
22,643	27,001
22,745	27,001
22,847	27,001
22,949	27,000
23,051	27,000
23,153	26,999
23,255	26,999
23,357	26,999
23,459	26,999
23,561	26,999
23,663	26,999
23,765	26,999
23,867	26,999
23,969	27,000
24,071	27,000
24,173	27,001
24,275	27,001
24,377	27,001
24,479	27,002
24,581	27,002
24,683	27,003
24,785	27,003
24,887	27,004
24,989	27,004
25,091	27,004
25,193	27,004
25,295	27,004
25,397	27,005
25,499	27,005
25,601	27,005
25,703	27,007
25,805	27,007
25,907	27,008
26,009	27,008
26,111	27,008
26,213	27,008
26,316	27,008
26,418	27,009
26,520	27,009
26,622	27,009
26,724	27,009
26,826	27,009
26,928	27,009
27,030	27,009
27,132	27,009
27,234	27,010
27,336	27,010
27,438	27,010
27,540	27,010
27,642	27,010
27,744	27,010
27,846	27,010
27,948	27,009
28,050	27,009
28,152	27,009
28,254	27,009
28,356	27,009
28,458	27,010
28,560	27,010
28,662	27,010
28,764	27,010
28,866	27,010
28,968	27,010
29,070	27,010
29,172	27,010
29,274	27,010
29,376	27,010
29,478	27,010
29,580	27,010
29,682	27,010
29,784	27,010
29,886	27,010
29,988	27,009
30,090	27,009
30,192	27,007
30,294	27,007
30,396	27,007
30,498	27,006
30,600	27,006
30,702	27,006
30,804	27,006
30,906	27,006
31,008	27,006
31,110	27,006
31,212	27,005
31,314	27,005
31,416	27,005
31,518	27,005
31,620	27,005
31,722	27,005
31,824	27,005
31,926	27,004
32,028	27,004
32,130	27,004
32,232	27,003
32,334	27,003
32,436	27,001
32,538	27,001
32,640	27,001
32,742	26,999
32,844	26,999
32,946	27,000
33,048	27,000
33,150	27,000
33,252	27,001
33,354	27,001
33,456	27,002
33,558	27,002
33,660	27,002
33,762	27,003
33,864	27,003
33,966	27,003
34,068	27,003
34,170	27,003
34,272	27,003
34,374	27,003
34,476	27,002
34,578	27,002
34,680	27,001
34,782	27,001
34,884	27,001
34,986	27,001
35,088	27,001
35,190	27,001
35,292	27,001
35,394	27,001
35,496	27,001
35,598	27,001
35,700	26,999
35,802	26,999
35,904	26,999
36,006	26,999
36,108	26,999
36,210	26,998
36,312	26,998
36,414	26,998
36,516	26,998
36,618	26,998
36,720	26,998
36,822	26,998
36,924	26,998
37,026	26,998
37,128	26,998
37,230	26,999
37,332	26,999
37,434	26,998
37,536	26,998
37,638	26,998
37,740	26,998
37,842	26,998
37,944	26,998
38,046	26,998
38,148	26,998
38,250	26,999
38,352	26,999
38,454	26,999
38,556	26,999
38,658	26,999
38,760	26,998
38,862	26,998
38,964	26,998
39,066	26,998
39,168	26,998
39,270	26,998
39,372	26,998
39,474	26,998
39,576	26,998
39,678	26,998
39,780	26,999
39,882	26,999
39,984	27,000
40,086	27,000
40,188	27,000
40,290	27,000
40,392	27,000
40,494	27,001
40,596	27,001
40,698	27,001
40,800	27,001
40,902	27,001
41,004	27,001
41,106	27,001
41,208	27,001
41,310	27,001
41,412	27,001
41,514	27,002
41,616	27,002
41,718	27,002
41,820	27,002
41,922	27,002
42,024	27,001
42,126	27,001
42,228	27,001
42,330	27,001
42,432	27,001
42,534	26,999
42,636	26,999
42,738	26,998
42,840	26,998
42,942	26,998
43,044	26,999
43,146	26,999
43,248	27,000
43,350	27,000
43,452	27,000
43,554	27,000
43,656	27,000
43,759	26,998
43,861	26,998
43,963	26,997
44,065	26,997
44,167	26,997
44,269	26,998
44,371	26,998
44,473	26,999
44,575	26,999
44,677	26,999
44,779	26,999
44,881	26,999
44,983	26,998
45,085	26,998
45,187	26,998
45,289	26,998
45,391	26,998
45,493	26,998
45,595	26,998
45,697	26,998
45,799	26,996
45,900	26,996
46,002	26,995
46,104	26,995
46,206	26,995
46,308	26,995
46,410	26,995
46,512	26,995
46,614	26,995
46,716	26,995
46,818	26,995
46,920	26,995
47,022	26,995
47,124	26,995
47,226	26,995
47,328	26,995
47,430	26,995
47,532	26,995
47,634	26,995
47,736	26,994
47,838	26,994
47,940	26,994
48,042	26,995
48,144	26,995
48,246	26,995
48,348	26,995
48,450	26,995
48,552	26,995
48,654	26,995
48,756	26,995
48,858	26,995
48,960	26,995
49,062	26,996
49,164	26,996
49,266	26,996
49,368	26,996
49,470	26,996
49,572	26,994
49,674	26,994
49,776	26,993
49,878	26,993
49,980	26,993
50,082	26,992
50,184	26,992
50,286	26,993
50,388	26,993
50,490	26,993
50,592	26,993
50,694	26,993
50,796	26,993
50,898	26,993
51,000	26,993
51,102	26,993
51,204	26,993
51,306	26,993
51,408	26,993
51,510	26,992
51,612	26,992
51,714	26,992
51,816	26,992
51,918	26,992
52,020	26,992
52,122	26,992
52,224	26,992
52,326	26,991
52,428	26,991
52,530	26,989
52,632	26,989
52,734	26,989
52,836	26,988
52,938	26,988
53,040	26,988
53,142	26,988
53,244	26,988
53,346	26,987
53,448	26,987
53,550	26,987
53,652	26,987
53,754	26,988
53,856	26,988
53,958	26,988
54,060	26,990
54,162	26,990
54,264	26,991
54,366	26,991
54,468	26,991
54,570	26,991
54,672	26,991
54,774	26,990
54,876	26,990
54,978	26,990
55,080	26,990
55,182	26,990
55,284	26,989
55,386	26,989
55,488	26,989
55,590	26,989
55,692	26,989
55,794	26,988
55,896	26,988
55,998	26,988
56,100	26,989
56,202	26,989
56,304	26,989
56,406	26,989
56,508	26,989
56,610	26,990
56,712	26,990
56,814	26,990
56,916	26,990
57,018	26,989
57,120	26,989
57,222	26,989
57,324	26,988
57,426	26,988
57,528	26,987
57,630	26,987
57,732	26,987
57,834	26,986
57,936	26,986
58,038	26,986
58,140	26,986
58,242	26,986
58,344	26,986
58,446	26,986
58,548	26,985
58,650	26,985
58,752	26,985
58,854	26,985
58,956	26,985
59,058	26,983
59,160	26,983
59,262	26,983
59,364	26,983
59,466	26,983
59,568	26,983
59,670	26,983
59,772	26,983
59,874	26,983
59,976	26,983
60,078	26,983
60,180	26,983
60,282	26,983
60,384	26,983
60,486	26,983
60,588	26,982
60,690	26,982
60,792	26,982
60,894	26,982
60,996	26,982
61,098	26,982
61,201	26,982
61,303	26,982
61,405	26,982
61,507	26,982
61,609	26,982
61,711	26,982
61,813	26,982
61,915	26,982
62,017	26,982
62,119	26,982
62,221	26,982
62,323	26,983
62,425	26,983
62,527	26,983
62,629	26,984
62,731	26,984
62,833	26,984
62,935	26,984
63,037	26,984
63,139	26,984
63,241	26,984
63,342	26,983
63,444	26,983
63,546	26,983
63,648	26,983
63,750	26,983
63,852	26,983
63,954	26,983
64,056	26,982
64,158	26,982
64,260	26,982
64,362	26,981
64,464	26,981
64,566	26,981
64,668	26,981
64,770	26,981
64,872	26,980
64,974	26,980
65,076	26,980
65,178	26,980
65,280	26,980
65,382	26,980
65,484	26,980
65,586	26,981
65,688	26,981
65,790	26,981
65,892	26,982
65,994	26,982
66,096	26,981
66,198	26,981
66,300	26,979
66,402	26,979
66,504	26,979
66,606	26,978
66,708	26,978
66,810	26,979
66,912	26,979
67,014	26,979
67,116	26,979
67,218	26,979
67,320	26,978
67,422	26,978
67,524	26,978
67,626	26,977
67,728	26,977
67,830	26,975
67,932	26,975
68,034	26,975
68,136	26,975
68,238	26,975
68,340	26,974
68,442	26,974
68,544	26,974
68,646	26,974
68,748	26,974
68,850	26,974
68,952	26,974
69,054	26,974
69,156	26,973
69,258	26,973
69,360	26,972
69,462	26,972
69,564	26,972
69,666	26,972
69,768	26,972
69,870	26,973
69,972	26,973
70,074	26,973
70,176	26,973
70,278	26,973
70,380	26,972
70,482	26,972
70,584	26,972
70,686	26,972
70,788	26,972
70,890	26,973
70,992	26,973
71,094	26,974
71,196	26,974
71,298	26,974
71,400	26,975
71,502	26,975
71,604	26,976
71,706	26,976
71,808	26,976
71,910	26,977
72,012	26,977
72,114	26,976
72,216	26,976
72,318	26,976
72,420	26,976
72,522	26,976
72,624	26,975
72,726	26,975
72,828	26,974
72,930	26,974
73,032	26,974
73,134	26,975
73,236	26,975
73,338	26,975
73,440	26,975
73,542	26,975
73,644	26,975
73,746	26,975
73,848	26,974
73,950	26,974
74,052	26,974
74,154	26,975
74,256	26,975
74,358	26,976
74,460	26,976
74,562	26,976
74,664	26,977
74,766	26,977
74,868	26,978
74,970	26,978
75,072	26,978
75,174	26,978
75,276	26,978
75,378	26,979
75,480	26,979
75,582	26,979
75,684	26,980
75,786	26,980
75,888	26,979
75,990	26,979
76,092	26,978
76,194	26,978
76,296	26,978
76,398	26,978
76,500	26,978
76,602	26,980
76,704	26,980
76,806	26,980
76,908	26,980
77,010	26,980
77,112	26,979
77,214	26,979
77,316	26,979
77,418	26,979
77,520	26,979
77,622	26,977
77,724	26,977
77,826	26,977
77,928	26,976
78,030	26,976
78,132	26,975
78,234	26,975
78,336	26,975
78,438	26,975
78,540	26,975
78,642	26,974
78,745	26,974
78,847	26,974
78,949	26,973
79,051	26,973
79,153	26,973
79,255	26,973
79,357	26,972
79,459	26,972
79,561	26,972
79,663	26,971
79,765	26,971
79,867	26,971
79,969	26,971
80,071	26,971
80,173	26,973
80,275	26,973
80,377	26,974
80,479	26,974
80,581	26,974
80,683	26,975
80,785	26,975
80,886	26,975
80,988	26,975
81,090	26,975
81,192	26,975
81,294	26,975
81,396	26,974
81,498	26,974
81,600	26,974
81,702	26,973
81,804	26,973
81,906	26,971
82,008	26,971
82,110	26,971
82,212	26,971
82,314	26,971
82,416	26,971
82,518	26,971
82,620	26,971
82,722	26,971
82,824	26,971
82,926	26,971
83,028	26,971
83,130	26,972
83,232	26,972
83,334	26,972
83,436	26,972
83,538	26,972
83,640	26,971
83,742	26,971
83,844	26,971
83,946	26,971
84,048	26,971
84,150	26,972
84,252	26,972
84,354	26,972
84,456	26,973
84,558	26,973
84,660	26,974
84,762	26,974
84,864	26,974
84,966	26,974
85,068	26,974
85,170	26,974
85,272	26,974
85,374	26,974
85,476	26,974
85,578	26,974
85,680	26,974
85,782	26,974
85,884	26,974
85,986	26,974
86,088	26,974
86,190	26,973
86,292	26,973
86,394	26,973
86,496	26,973
86,598	26,973
86,700	26,973
86,802	26,973
86,904	26,973
87,006	26,973
87,108	26,973
87,210	26,973
87,312	26,973
87,414	26,973
87,516	26,973
87,618	26,973
87,720	26,973
87,822	26,973
87,924	26,973
88,026	26,973
88,128	26,973
88,230	26,974
88,332	26,974
88,434	26,973
88,536	26,973
88,638	26,973
88,740	26,971
88,842	26,971
88,944	26,971
89,046	26,971
89,148	26,970
89,250	26,970
89,352	26,970
89,454	26,970
89,556	26,970
89,658	26,968
89,760	26,968
89,862	26,968
89,964	26,967
90,066	26,967
90,168	26,966
90,270	26,966
90,372	26,966
90,474	26,965
90,576	26,965
90,678	26,965
90,780	26,965
90,882	26,965
90,984	26,964
91,086	26,964
91,188	26,964
91,290	26,964
91,392	26,964
91,494	26,964
91,596	26,964
91,698	26,965
91,800	26,965
91,902	26,965
92,004	26,967
92,106	26,967
92,208	26,968
92,310	26,968
92,412	26,967
92,514	26,967
92,616	26,967
92,718	26,967
92,820	26,967
92,922	26,967
93,024	26,967
93,126	26,967
93,228	26,966
93,330	26,966
93,432	26,966
93,534	26,966
93,636	26,966
93,738	26,965
93,840	26,965
93,942	26,964
94,044	26,964
94,146	26,964
94,248	26,965
94,350	26,965
94,452	26,964
94,554	26,964
94,656	26,963
94,758	26,963
94,860	26,963
94,962	26,964
95,064	26,964
95,166	26,964
95,268	26,964
95,370	26,964
95,472	26,964
95,574	26,964
95,676	26,965
95,778	26,965
95,880	26,965
95,982	26,966
96,084	26,966
96,187	26,967
96,289	26,967
96,391	26,967
96,493	26,967
96,595	26,967
96,697	26,967
96,799	26,967
96,901	26,967
97,003	26,966
97,105	26,966
97,207	26,964
97,309	26,964
97,411	26,964
97,513	26,964
97,615	26,964
97,717	26,965
97,819	26,965
97,921	26,965
98,023	26,965
98,125	26,965
98,227	26,964
98,328	26,964
98,430	26,964
98,532	26,964
98,634	26,964
98,736	26,964
98,838	26,964
98,940	26,964
99,042	26,964
99,144	26,964
99,246	26,964
99,348	26,964
99,450	26,964
99,552	26,964
99,654	26,964
99,756	26,965
99,858	26,965
99,960	26,967
100,062	26,967
100,164	26,967
100,266	26,968
100,368	26,968
100,470	26,968
100,572	26,968
100,674	26,968
100,776	26,968
100,878	26,968
100,980	26,969
101,082	26,969
101,184	26,969
101,286	26,969
101,388	26,969
101,490	26,970
101,592	26,970
101,694	26,970
101,796	26,971
101,898	26,971
102,000	26,971
102,102	26,971
102,204	26,970
102,306	26,970
102,408	26,970
102,510	26,970
102,612	26,970
102,714	26,971
102,816	26,971
102,918	26,971
103,020	26,971
103,122	26,971
103,224	26,970
103,326	26,970
103,428	26,970
103,530	26,970
103,632	26,970
103,734	26,970
103,836	26,970
103,938	26,970
104,040	26,969
104,142	26,969
104,244	26,969
104,346	26,969
104,448	26,969
104,550	26,970
104,652	26,970
104,754	26,970
104,856	26,970
104,958	26,970
105,060	26,970
105,162	26,970
105,264	26,971
105,366	26,971
105,468	26,972
105,570	26,972
105,672	26,972
105,774	26,972
105,876	26,972
105,978	26,973
106,080	26,973
106,182	26,973
106,284	26,974
106,386	26,974
106,488	26,974
106,590	26,974
106,692	26,974
106,794	26,973
106,896	26,973
106,998	26,973
107,100	26,973
107,202	26,973
107,304	26,972
107,406	26,972
107,508	26,974
107,610	26,974
107,712	26,974
107,814	26,975
107,916	26,975
108,018	26,975
108,120	26,975
108,222	26,975
108,324	26,975
108,426	26,975
108,528	26,975
108,630	26,975
108,732	26,975
108,834	26,975
108,936	26,975
109,038	26,976
109,140	26,976
109,242	26,976
109,344	26,976
109,446	26,976
109,548	26,975
109,650	26,975
109,752	26,975
109,854	26,975
109,956	26,975
110,058	26,974
110,160	26,974
110,262	26,973
110,364	26,973
110,466	26,973
110,568	26,973
110,670	26,973
110,772	26,973
110,874	26,973
110,976	26,974
111,078	26,974
111,180	26,974
111,282	26,974
111,384	26,974
111,486	26,972
111,588	26,972
111,690	26,972
111,792	26,971
111,894	26,971
111,996	26,970
112,098	26,970
112,200	26,970
112,302	26,970
112,404	26,970
112,506	26,970
112,608	26,970
112,710	26,970
112,812	26,970
112,914	26,970
113,016	26,970
113,118	26,970
113,220	26,970
113,322	26,969
113,424	26,969
113,526	26,968
113,628	26,968
113,731	26,968
113,833	26,967
113,935	26,967
114,037	26,968
114,139	26,968
114,241	26,969
114,343	26,969
114,445	26,969
114,547	26,970
114,649	26,970
114,751	26,968
114,853	26,968
114,955	26,968
115,057	26,968
115,159	26,968
115,260	26,967
115,361	26,967
115,463	26,967
115,565	26,966
115,667	26,966
115,769	26,966
115,870	26,966
115,972	26,966
116,074	26,967
116,176	26,967
116,278	26,967
116,380	26,967
116,482	26,967
116,584	26,966
116,686	26,966
116,788	26,965
116,890	26,965
116,992	26,965
117,094	26,965
117,196	26,965
117,298	26,966
117,404	26,966
117,506	26,966
117,608	26,966
117,708	26,966
117,808	26,965
117,908	26,965
118,009	26,966
118,109	26,966
118,211	26,966
118,313	26,966
118,415	26,966
118,517	26,965
118,619	26,965
118,721	26,965
118,823	26,965
118,925	26,965
119,027	26,965
119,129	26,965
119,231	26,965
119,333	26,965
119,435	26,965
119,537	26,964
119,639	26,964
119,741	26,964
119,843	26,964
119,945	26,964
120,047	26,964
120,149	26,964
120,251	26,964
120,353	26,963
120,455	26,963
120,557	26,963
120,659	26,963
120,761	26,963
120,863	26,963
120,965	26,963
121,067	26,962
121,169	26,962
121,271	26,962
121,373	26,961
121,475	26,961
121,577	26,960
121,679	26,960
121,781	26,959
121,883	26,959
121,985	26,959
122,087	26,959
122,189	26,959
122,291	26,960
122,393	26,960
122,495	26,960
122,597	26,961
122,699	26,961
122,801	26,961
122,903	26,961
123,005	26,961
123,107	26,961
123,209	26,961
123,311	26,962
123,413	26,962
123,515	26,962
123,617	26,963
123,719	26,963
123,821	26,963
123,923	26,963
124,025	26,963
124,127	26,962
124,229	26,962
124,331	26,961
124,433	26,961
124,535	26,961
124,637	26,961
124,739	26,961
124,841	26,961
124,943	26,961
125,045	26,960
125,147	26,960
125,249	26,960
125,351	26,960
125,453	26,960
125,555	26,959
125,657	26,959
125,759	26,959
125,861	26,959
125,963	26,959
126,065	26,958
126,167	26,958
126,269	26,958
126,371	26,959
126,473	26,959
126,575	26,960
126,677	26,960
126,779	26,960
126,881	26,960
126,983	26,960
127,085	26,960
127,187	26,960
127,289	26,960
127,391	26,961
127,493	26,961
127,595	26,961
127,697	26,961
127,799	26,961
127,901	26,961
128,003	26,961
128,105	26,961
128,207	26,961
128,309	26,961
128,411	26,961
128,513	26,961
128,615	26,961
128,717	26,961
128,819	26,961
128,921	26,961
129,023	26,961
129,125	26,961
129,227	26,961
129,329	26,961
129,431	26,961
129,533	26,961
129,635	26,961
129,737	26,961
129,839	26,961
129,941	26,961
130,043	26,961
130,144	26,961
130,245	26,961
130,345	26,961
130,445	26,961
130,545	26,961
130,645	26,961
130,747	26,961
130,849	26,961
130,951	26,961
131,053	26,961
131,156	26,961
131,258	26,961
131,360	26,960
131,462	26,960
131,564	26,960
131,666	26,961
131,768	26,961
131,870	26,961
131,972	26,961
132,074	26,962
132,176	26,962
132,278	26,962
132,380	26,962
132,482	26,962
132,584	26,962
132,686	26,962
132,788	26,962
132,890	26,962
132,992	26,962
133,094	26,963
133,196	26,963
133,297	26,963
133,399	26,963
133,501	26,963
133,603	26,962
133,705	26,962
133,807	26,962
133,909	26,963
134,011	26,963
134,113	26,963
134,215	26,963
134,317	26,962
134,419	26,962
134,521	26,962
134,623	26,960
134,725	26,960
134,827	26,960
134,929	26,960
135,031	26,960
135,133	26,960
135,235	26,960
135,337	26,960
135,439	26,960
135,541	26,960
135,643	26,960
135,745	26,960
135,847	26,959
135,949	26,959
136,051	26,959
136,153	26,958
136,255	26,958
136,357	26,958
136,459	26,958
136,561	26,958
136,663	26,959
136,765	26,959
136,867	26,959
136,969	26,959
137,071	26,959
137,173	26,960
137,275	26,960
137,377	26,961
137,479	26,961
137,581	26,961
137,683	26,960
137,785	26,960
137,887	26,959
137,989	26,959
138,091	26,959
138,193	26,959
138,295	26,959
138,397	26,960
138,499	26,960
138,601	26,960
138,703	26,960
138,805	26,960
138,907	26,960
139,009	26,960
139,111	26,959
139,213	26,959
139,315	26,959
139,417	26,958
139,519	26,958
139,621	26,958
139,723	26,958
139,825	26,958
139,927	26,959
140,029	26,959
140,131	26,960
140,233	26,960
140,335	26,960
140,437	26,960
140,539	26,960
140,641	26,960
140,743	26,960
140,845	26,960
140,947	26,961
141,049	26,961
141,150	26,962
141,250	26,962
141,352	26,962
141,454	26,962
141,556	26,962
141,658	26,962
141,760	26,962
141,862	26,963
141,964	26,963
142,066	26,963
142,168	26,963
142,270	26,963
142,372	26,964
142,474	26,964
142,576	26,964
142,678	26,963
142,780	26,963
142,882	26,962
142,984	26,962
143,086	26,962
143,188	26,961
143,290	26,961
143,392	26,960
143,494	26,960
143,596	26,960
143,698	26,958
143,800	26,958
143,902	26,957
144,004	26,957
144,106	26,957
144,208	26,957
144,310	26,957
144,412	26,956
144,514	26,956
144,616	26,956
144,718	26,956
144,820	26,956
144,922	26,956
145,024	26,956
145,126	26,956
145,228	26,956
145,330	26,956
145,432	26,956
145,534	26,956
145,636	26,957
145,738	26,957
145,840	26,957
145,942	26,958
146,044	26,958
146,146	26,959
146,248	26,959
146,350	26,959
146,452	26,958
146,554	26,958
146,656	26,957
146,758	26,957
146,860	26,957
146,962	26,956
147,064	26,956
147,166	26,955
147,268	26,955
147,370	26,955
147,472	26,955
147,574	26,955
147,676	26,955
147,778	26,955
147,880	26,955
147,982	26,954
148,084	26,954
148,186	26,953
148,288	26,953
148,390	26,952
148,492	26,952
148,594	26,952
148,697	26,951
148,799	26,951
148,901	26,951
149,003	26,951
149,105	26,951
149,207	26,952
149,309	26,952
149,411	26,952
149,513	26,952
149,615	26,952
149,717	26,951
149,819	26,951
149,921	26,953
150,023	26,953
150,125	26,953
150,227	26,954
150,329	26,954
150,431	26,953
150,533	26,953
150,635	26,953
150,737	26,953
150,838	26,953
150,940	26,954
151,042	26,954
151,144	26,954
151,246	26,954
151,348	26,954
151,450	26,954
151,552	26,954
151,654	26,955
151,756	26,955
151,858	26,955
151,960	26,955
152,062	26,955
152,164	26,954
152,266	26,954
152,368	26,954
152,470	26,953
152,572	26,953
152,674	26,953
152,776	26,953
152,878	26,953
152,980	26,955
153,082	26,955
153,184	26,955
153,286	26,955
153,388	26,955
153,490	26,954
153,592	26,954
153,694	26,954
153,796	26,954
153,898	26,954
154,000	26,954
154,102	26,954
154,204	26,954
154,306	26,954
154,408	26,954
154,510	26,954
154,612	26,954
154,714	26,953
154,816	26,953
154,918	26,952
155,020	26,952
155,122	26,952
155,224	26,953
155,326	26,953
155,428	26,953
155,530	26,953
155,632	26,953
155,734	26,954
155,836	26,954
155,938	26,954
156,040	26,954
156,142	26,954
156,244	26,954
156,346	26,954
156,448	26,954
156,550	26,954
156,652	26,954
156,754	26,954
156,856	26,954
156,958	26,953
157,060	26,953
157,162	26,953
157,264	26,953
157,366	26,953
157,468	26,953
157,570	26,953
157,672	26,954
157,774	26,954
157,876	26,954
157,978	26,955
158,080	26,955
158,182	26,956
158,284	26,956
158,386	26,956
158,488	26,957
158,590	26,957
158,692	26,959
158,794	26,959
158,896	26,959
158,998	26,962
159,100	26,962
159,202	26,966
159,304	26,966
159,406	26,966
159,508	26,971
159,610	26,971
159,712	26,977
159,814	26,977
159,916	26,977
160,018	26,985
160,120	26,985
160,222	26,994
160,324	26,994
160,426	26,994
160,528	27,003
160,630	27,003
160,732	27,011
160,834	27,011
160,936	27,018
161,038	27,018
161,140	27,018
161,242	27,024
161,344	27,024
161,446	27,030
161,548	27,030
161,650	27,030
161,752	27,034
161,854	27,034
161,956	27,037
162,058	27,037
162,160	27,037
162,262	27,040
162,364	27,040
162,466	27,042
162,568	27,042
162,670	27,042
162,772	27,043
162,874	27,043
162,976	27,044
163,078	27,044
163,180	27,044
163,282	27,044
163,384	27,044
163,486	27,043
163,588	27,043
163,690	27,043
163,792	27,043
163,894	27,043
163,996	27,044
164,098	27,044
164,200	27,046
164,302	27,046
164,404	27,046
164,506	27,047
164,608	27,047
164,710	27,048
164,812	27,048
164,914	27,048
165,016	27,049
165,118	27,049
165,220	27,050
165,322	27,050
165,424	27,050
165,526	27,052
165,628	27,052
165,730	27,055
165,832	27,055
165,934	27,055
166,036	27,058
166,139	27,058
166,241	27,063
166,343	27,063
166,445	27,063
166,547	27,068
166,649	27,068
166,751	27,073
166,853	27,073
166,955	27,073
167,057	27,079
167,159	27,079
167,261	27,085
167,363	27,085
167,465	27,091
167,567	27,091
167,669	27,091
167,771	27,097
167,873	27,097
167,975	27,104
168,077	27,104
168,179	27,104
168,280	27,116
168,382	27,116
168,484	27,131
168,586	27,131
168,688	27,131
168,790	27,149
168,892	27,149
168,994	27,167
169,096	27,167
169,198	27,167
169,300	27,185
169,402	27,185
169,504	27,200
169,606	27,200
169,708	27,200
169,810	27,213
169,912	27,213
170,014	27,224
170,116	27,224
170,218	27,224
170,320	27,233
170,422	27,233
170,524	27,240
170,626	27,240
170,728	27,245
170,830	27,245
170,932	27,245
171,034	27,248
171,136	27,248
171,238	27,250
171,340	27,250
171,442	27,250
171,544	27,250
171,646	27,250
171,748	27,249
171,850	27,249
171,952	27,249
172,054	27,247
172,156	27,247
172,258	27,244
172,360	27,244
172,462	27,244
172,564	27,244
172,666	27,244
172,768	27,244
172,870	27,244
172,972	27,244
173,074	27,248
173,176	27,248
173,278	27,253
173,380	27,253
173,482	27,253
173,584	27,260
173,686	27,260
173,788	27,270
173,890	27,270
173,992	27,279
174,094	27,279
174,196	27,279
174,298	27,291
174,400	27,291
174,502	27,312
174,604	27,312
174,706	27,312
174,808	27,341
174,910	27,341
175,012	27,378
175,114	27,378
175,216	27,378
175,318	27,420
175,420	27,420
175,522	27,464
175,624	27,464
175,726	27,464
175,828	27,507
175,930	27,507
176,032	27,549
176,134	27,549
176,236	27,549
176,338	27,589
176,440	27,589
176,542	27,624
176,644	27,624
176,746	27,655
176,848	27,655
176,950	27,655
177,052	27,681
177,154	27,681
177,256	27,702
177,358	27,702
177,460	27,702
177,562	27,720
177,664	27,720
177,766	27,735
177,868	27,735
177,970	27,735
178,072	27,744
178,174	27,744
178,276	27,752
178,378	27,752
178,480	27,752
178,582	27,759
178,684	27,759
178,786	27,765
178,888	27,765
178,990	27,765
179,092	27,770
179,194	27,770
179,296	27,774
179,398	27,774
179,500	27,774
179,602	27,779
179,704	27,779
179,806	27,786
179,908	27,786
180,010	27,786
180,112	27,794
180,214	27,794
180,316	27,801
180,418	27,801
180,520	27,810
180,622	27,810
180,724	27,810
180,826	27,820
180,928	27,820
181,030	27,833
181,132	27,833
181,234	27,833
181,336	27,846
181,438	27,846
181,540	27,856
181,642	27,856
181,744	27,856
181,846	27,863
181,948	27,863
182,050	27,868
182,152	27,868
182,254	27,868
182,356	27,871
182,458	27,871
182,560	27,873
182,662	27,873
182,764	27,873
182,866	27,874
182,968	27,874
183,070	27,872
183,172	27,872
183,274	27,872
183,376	27,870
183,478	27,870
183,581	27,869
183,683	27,869
183,785	27,866
183,887	27,866
183,989	27,866
184,091	27,863
184,193	27,863
184,295	27,858
184,397	27,858
184,499	27,858
184,601	27,851
184,703	27,851
184,805	27,845
184,907	27,845
185,009	27,845
185,111	27,840
185,213	27,840
185,315	27,834
185,417	27,834
185,519	27,834
185,621	27,830
185,722	27,830
185,824	27,829
185,926	27,829
186,028	27,829
186,130	27,831
186,232	27,831
186,334	27,835
186,436	27,835
186,538	27,835
186,640	27,838
186,742	27,838
186,844	27,840
186,946	27,840
187,048	27,843
187,150	27,843
187,252	27,843
187,354	27,847
187,456	27,847
187,558	27,852
187,660	27,852
187,762	27,852
187,864	27,854
187,966	27,854
188,068	27,858
188,170	27,858
188,272	27,858
188,374	27,863
188,476	27,863
188,578	27,869
188,680	27,869
188,782	27,869
188,884	27,877
188,986	27,877
189,088	27,884
189,190	27,884
189,292	27,890
189,394	27,890
189,496	27,890
189,598	27,897
189,700	27,897
189,802	27,897
189,904	27,905
190,006	27,905
190,108	27,912
190,210	27,912
190,312	27,920
190,414	27,920
190,516	27,920
190,618	27,928
190,720	27,928
190,822	27,936
190,924	27,936
191,026	27,936
191,128	27,942
191,230	27,942
191,332	27,946
191,434	27,946
191,536	27,946
191,638	27,948
191,740	27,948
191,842	27,949
191,944	27,949
192,046	27,949
192,148	27,948
192,250	27,948
192,352	27,948
192,454	27,948
192,556	27,948
192,658	27,948
192,760	27,948
192,862	27,950
192,964	27,950
193,066	27,951
193,168	27,951
193,270	27,951
193,372	27,953
193,474	27,953
193,576	27,954
193,678	27,954
193,780	27,954
193,882	27,953
193,984	27,953
194,086	27,952
194,188	27,952
194,290	27,952
194,392	27,951
194,494	27,951
194,596	27,950
194,698	27,950
194,800	27,950
194,902	27,952
195,004	27,952
195,106	27,955
195,208	27,955
195,310	27,955
195,412	27,958
195,514	27,958
195,616	27,960
195,718	27,960
195,820	27,960
195,922	27,961
196,024	27,961
196,126	27,963
196,228	27,963
196,330	27,966
196,432	27,966
196,534	27,966
196,636	27,970
196,738	27,970
196,840	27,975
196,942	27,975
197,044	27,975
197,146	27,981
197,248	27,981
197,350	27,987
197,452	27,987
197,554	27,987
197,656	27,993
197,758	27,993
197,860	28,000
197,962	28,000
198,064	28,000
198,166	28,007
198,268	28,007
198,370	28,014
198,472	28,014
198,574	28,014
198,676	28,021
198,778	28,021
198,880	28,028
198,982	28,028
199,084	28,028
199,186	28,033
199,288	28,033
199,390	28,036
199,492	28,036
199,594	28,037
199,696	28,037
199,798	28,037
199,900	28,035
200,002	28,035
200,104	28,031
200,206	28,031
200,308	28,031
200,410	28,027
200,512	28,027
200,614	28,026
200,716	28,026
200,818	28,026
200,920	28,028
201,022	28,028
201,125	28,033
201,227	28,033
201,329	28,033
201,431	28,039
201,533	28,039
201,635	28,046
201,737	28,046
201,839	28,046
201,941	28,054
202,043	28,054
202,145	28,062
202,247	28,062
202,349	28,062
202,451	28,070
202,553	28,070
202,655	28,077
202,757	28,077
202,859	28,084
202,961	28,084
203,063	28,084
203,165	28,089
203,266	28,089
203,368	28,092
203,470	28,092
203,572	28,092
203,674	28,092
203,776	28,092
203,878	28,092
203,980	28,092
204,082	28,092
204,184	28,091
204,286	28,091
204,388	28,087
204,490	28,087
204,592	28,087
204,694	28,082
204,796	28,082
204,898	28,078
205,000	28,078
205,102	28,078
205,204	28,075
205,306	28,075
205,408	28,074
205,510	28,074
205,612	28,074
205,714	28,075
205,816	28,075
205,918	28,078
206,020	28,078
206,122	28,082
206,224	28,082
206,326	28,082
206,428	28,089
206,530	28,089
206,632	28,097
206,734	28,097
206,836	28,097
206,938	28,109
207,040	28,109
207,142	28,124
207,244	28,124
207,346	28,124
207,448	28,141
207,550	28,141
207,652	28,159
207,754	28,159
207,856	28,159
207,958	28,177
208,060	28,177
208,162	28,193
208,264	28,193
208,366	28,193
208,468	28,206
208,570	28,206
208,672	28,219
208,774	28,219
208,876	28,219
208,978	28,230
209,080	28,230
209,182	28,241
209,284	28,241
209,386	28,252
209,488	28,252
209,590	28,252
209,692	28,261
209,794	28,261
209,896	28,269
209,998	28,269
210,100	28,269
210,202	28,277
210,304	28,277
210,406	28,285
210,508	28,285
210,610	28,285
210,712	28,293
210,814	28,293
210,916	28,304
211,018	28,304
211,120	28,304
211,222	28,316
211,324	28,316
211,426	28,328
211,528	28,328
211,630	28,328
211,732	28,341
211,834	28,341
211,936	28,351
212,038	28,351
212,140	28,360
212,242	28,360
212,344	28,360
212,446	28,368
212,548	28,368
212,650	28,374
212,752	28,374
212,854	28,374
212,956	28,377
213,058	28,377
213,160	28,380
213,262	28,380
213,364	28,380
213,466	28,384
213,568	28,384
213,670	28,387
213,772	28,387
213,874	28,387
213,976	28,392
214,078	28,392
214,180	28,397
214,282	28,397
214,384	28,397
214,486	28,403
214,588	28,403
214,690	28,406
214,792	28,406
214,894	28,406
214,996	28,409
215,098	28,409
215,200	28,412
215,302	28,412
215,404	28,412
215,506	28,416
215,608	28,416
215,710	28,424
215,812	28,424
215,914	28,433
216,016	28,433
216,118	28,433
216,220	28,443
216,322	28,443
216,424	28,453
216,526	28,453
216,628	28,453
216,730	28,461
216,832	28,461
216,934	28,468
217,036	28,468
217,138	28,468
217,240	28,472
217,342	28,472
217,444	28,473
217,546	28,473
217,648	28,473
217,750	28,472
217,852	28,472
217,954	28,470
218,056	28,470
218,158	28,470
218,260	28,465
218,362	28,465
218,464	28,458
218,567	28,458
218,669	28,458
218,771	28,450
218,873	28,450
218,975	28,440
219,077	28,440
219,179	28,428
219,281	28,428
219,383	28,428
219,485	28,415
219,587	28,415
219,689	28,403
219,791	28,403
219,893	28,403
219,995	28,391
220,097	28,391
220,199	28,379
220,301	28,379
220,403	28,379
220,505	28,368
220,607	28,368
220,708	28,359
220,810	28,359
220,912	28,359
221,014	28,349
221,116	28,349
221,218	28,339
221,320	28,339
221,422	28,339
221,524	28,330
221,626	28,330
221,728	28,322
221,830	28,322
221,932	28,322
222,034	28,315
222,136	28,315
222,238	28,307
222,340	28,307
222,442	28,301
222,544	28,301
222,646	28,301
222,748	28,298
222,850	28,298
222,952	28,299
223,054	28,299
223,156	28,299
223,258	28,301
223,360	28,301
223,462	28,304
223,564	28,304
223,666	28,304
223,768	28,306
223,870	28,306
223,972	28,309
224,074	28,309
224,176	28,309
224,278	28,313
224,380	28,313
224,482	28,318
224,584	28,318
224,686	28,325
224,788	28,325
224,890	28,325
224,992	28,333
225,094	28,333
225,196	28,339
225,298	28,339
225,400	28,339
225,502	28,347
225,604	28,347
225,706	28,355
225,808	28,355
225,910	28,355
226,012	28,361
226,114	28,361
226,216	28,366
226,318	28,366
226,420	28,366
226,522	28,370
226,624	28,370
226,726	28,373
226,828	28,373
226,930	28,373
227,032	28,376
227,134	28,376
227,236	28,380
227,338	28,380
227,440	28,380
227,542	28,383
227,644	28,383
227,746	28,385
227,848	28,385
227,950	28,385
228,052	28,388
228,154	28,388
228,256	28,390
228,358	28,390
228,460	28,390
228,562	28,392
228,664	28,392
228,766	28,396
228,868	28,396
228,970	28,400
229,072	28,400
229,174	28,400
229,276	28,403
229,378	28,403
229,480	28,407
229,582	28,407
229,684	28,407
229,786	28,411
229,888	28,411
229,990	28,416
230,092	28,416
230,194	28,416
230,296	28,422
230,398	28,422
230,500	28,429
230,602	28,429
230,704	28,429
230,806	28,434
230,908	28,434
231,010	28,440
231,112	28,440
231,214	28,440
231,316	28,445
231,418	28,445
231,520	28,451
231,622	28,451
231,724	28,457
231,826	28,457
231,928	28,457
232,030	28,460
232,132	28,460
232,234	28,460
232,336	28,460
232,438	28,460
232,540	28,458
232,642	28,458
232,744	28,453
232,846	28,453
232,948	28,453
233,050	28,446
233,152	28,446
233,254	28,440
233,356	28,440
233,458	28,440
233,560	28,432
233,662	28,432
233,764	28,425
233,866	28,425
233,968	28,425
234,070	28,421
234,172	28,421
234,274	28,422
234,376	28,422
234,478	28,422
234,580	28,430
234,682	28,430
234,784	28,450
234,886	28,450
234,988	28,450
235,090	28,478
235,192	28,478
235,294	28,508
235,396	28,508
235,498	28,538
235,600	28,538
235,702	28,538
235,804	28,565
235,906	28,565
236,008	28,589
236,111	28,589
236,213	28,589
236,315	28,610
236,417	28,610
236,519	28,628
236,621	28,628
236,723	28,628
236,825	28,641
236,927	28,641
237,029	28,650
237,131	28,650
237,233	28,650
237,335	28,653
237,437	28,653
237,539	28,652
237,641	28,652
237,743	28,652
237,845	28,648
237,947	28,648
238,049	28,645
238,151	28,645
238,252	28,645
238,354	28,644
238,456	28,644
238,558	28,645
238,660	28,645
238,762	28,646
238,864	28,646
238,966	28,646
239,068	28,647
239,170	28,647
239,272	28,644
239,374	28,644
239,476	28,644
239,578	28,641
239,680	28,641
239,782	28,642
239,884	28,642
239,986	28,642
240,088	28,646
240,190	28,646
240,292	28,653
240,394	28,653
240,496	28,653
240,598	28,659
240,700	28,659
240,802	28,666
240,904	28,666
241,006	28,666
241,108	28,677
241,210	28,677
241,312	28,690
241,414	28,690
241,516	28,702
241,618	28,702
241,720	28,702
241,822	28,713
241,924	28,713
242,026	28,725
242,128	28,725
242,230	28,725
242,332	28,735
242,434	28,735
242,536	28,743
242,638	28,743
242,740	28,743
242,842	28,748
242,944	28,748
243,046	28,752
243,148	28,752
243,250	28,752
243,352	28,754
243,454	28,754
243,556	28,754
243,658	28,754
243,760	28,754
243,862	28,753
243,964	28,753
244,066	28,753
244,168	28,753
244,270	28,753
244,372	28,753
244,474	28,753
244,576	28,751
244,678	28,751
244,780	28,746
244,882	28,746
244,984	28,746
245,086	28,740
245,188	28,740
245,290	28,731
245,392	28,731
245,494	28,731
245,596	28,721
245,698	28,721
245,800	28,709
245,902	28,709
246,004	28,709
246,106	28,697
246,208	28,697
246,310	28,686
246,412	28,686
246,514	28,686
246,616	28,674
246,718	28,674
246,820	28,664
246,922	28,664
247,024	28,664
247,126	28,658
247,228	28,658
247,330	28,653
247,432	28,653
247,534	28,652
247,636	28,652
247,738	28,652
247,840	28,653
247,942	28,653
248,044	28,656
248,146	28,656
248,248	28,656
248,350	28,658
248,452	28,658
248,554	28,661
248,656	28,661
248,758	28,661
248,860	28,664
248,962	28,664
249,064	28,666
249,166	28,666
249,268	28,666
249,370	28,670
249,472	28,670
249,574	28,675
249,676	28,675
249,778	28,675
249,880	28,683
249,982	28,683
250,084	28,693
250,186	28,693
250,288	28,693
250,390	28,705
250,492	28,705
250,594	28,717
250,696	28,717
250,798	28,717
250,900	28,729
251,002	28,729
251,104	28,743
251,206	28,743
251,308	28,756
251,410	28,756
251,512	28,756
251,614	28,769
251,716	28,769
251,818	28,781
251,920	28,781
252,022	28,781
252,124	28,791
252,226	28,791
252,328	28,799
252,430	28,799
252,532	28,799
252,634	28,804
252,736	28,804
252,838	28,808
252,940	28,808
253,042	28,808
253,144	28,810
253,246	28,810
253,348	28,810
253,450	28,810
253,553	28,810
253,655	28,807
253,757	28,807
253,859	28,802
253,961	28,802
254,063	28,802
254,165	28,796
254,267	28,796
254,369	28,790
254,471	28,790
254,573	28,781
254,675	28,781
254,777	28,781
254,879	28,770
254,981	28,770
255,083	28,759
255,185	28,759
255,287	28,759
255,389	28,748
255,491	28,748
255,593	28,738
255,694	28,738
255,796	28,738
255,898	28,729
256,000	28,729
256,102	28,722
256,204	28,722
256,306	28,722
256,408	28,716
256,510	28,716
256,612	28,712
256,714	28,712
256,816	28,712
256,918	28,708
257,020	28,708
257,122	28,705
257,224	28,705
257,326	28,705
257,428	28,703
257,530	28,703
257,632	28,701
257,734	28,701
257,836	28,698
257,938	28,698
258,040	28,698
258,142	28,696
258,244	28,696
258,346	28,696
258,448	28,696
258,550	28,696
258,652	28,698
258,754	28,698
258,856	28,702
258,958	28,702
259,060	28,702
259,162	28,707
259,264	28,707
259,366	28,712
259,468	28,712
259,570	28,712
259,672	28,716
259,774	28,716
259,876	28,719
259,978	28,719
260,080	28,719
260,182	28,721
260,284	28,721
260,386	28,723
260,488	28,723
260,590	28,723
260,692	28,724
260,794	28,724
260,896	28,723
260,998	28,723
261,100	28,722
261,202	28,722
261,304	28,722
261,406	28,719
261,508	28,719
261,610	28,715
261,712	28,715
261,814	28,715
261,916	28,711
262,018	28,711
262,120	28,707
262,222	28,707
262,324	28,707
262,426	28,704
262,528	28,704
262,630	28,701
262,732	28,701
262,834	28,701
262,936	28,698
263,038	28,698
263,140	28,695
263,242	28,695
263,344	28,695
263,446	28,692
263,548	28,692
263,650	28,691
263,752	28,691
263,854	28,691
263,956	28,690
264,058	28,690
264,160	28,689
264,262	28,689
264,364	28,688
264,466	28,688
264,568	28,688
264,670	28,687
264,772	28,687
264,874	28,686
264,976	28,686
265,078	28,686
265,180	28,685
265,282	28,685
265,384	28,683
265,486	28,683
265,588	28,683
265,690	28,681
265,792	28,681
265,894	28,678
265,996	28,678
266,098	28,678
266,200	28,675
266,302	28,675
266,404	28,673
266,506	28,673
266,608	28,673
266,710	28,671
266,812	28,671
266,914	28,670
267,016	28,670
267,118	28,669
267,220	28,669
267,322	28,669
267,424	28,668
267,526	28,668
267,628	28,667
267,730	28,667
267,832	28,667
267,934	28,669
268,036	28,669
268,138	28,672
268,240	28,672
268,342	28,672
268,444	28,675
268,546	28,675
268,648	28,681
268,750	28,681
268,852	28,681
268,954	28,690
269,056	28,690
269,158	28,701
269,260	28,701
269,362	28,701
269,464	28,715
269,566	28,715
269,668	28,732
269,770	28,732
269,872	28,732
269,974	28,752
270,076	28,752
270,178	28,773
270,280	28,773
270,382	28,773
270,484	28,796
270,586	28,796
270,688	28,820
270,790	28,820
270,892	28,845
270,994	28,845
271,097	28,845
271,199	28,871
271,301	28,871
271,403	28,897
271,505	28,897
271,607	28,897
271,709	28,921
271,811	28,921
271,913	28,943
272,015	28,943
272,117	28,943
272,219	28,961
272,321	28,961
272,423	28,976
272,525	28,976
272,627	28,976
272,729	28,989
272,831	28,989
272,933	29,000
273,035	29,000
273,136	29,000
273,238	29,009
273,340	29,009
273,442	29,016
273,544	29,016
273,646	29,016
273,748	29,021
273,850	29,021
273,952	29,025
274,054	29,025
274,156	29,028
274,258	29,028
274,360	29,028
274,462	29,031
274,564	29,031
274,666	29,032
274,768	29,032
274,870	29,032
274,972	29,033
275,074	29,033
275,176	29,033
275,278	29,033
275,380	29,033
275,482	29,033
275,584	29,033
275,686	29,032
275,788	29,032
275,890	29,032
275,992	29,031
276,094	29,031
276,196	29,030
276,298	29,030
276,400	29,030
276,502	29,028
276,604	29,028
276,706	29,024
276,808	29,024
276,910	29,024
277,012	29,020
277,114	29,020
277,216	29,015
277,318	29,015
277,420	29,010
277,522	29,010
277,624	29,010
277,726	29,005
277,828	29,005
277,930	28,999
278,032	28,999
278,134	28,999
278,236	28,993
278,338	28,993
278,440	28,986
278,542	28,986
278,644	28,986
278,746	28,978
278,848	28,978
278,950	28,970
279,052	28,970
279,154	28,970
279,256	28,961
279,358	28,961
279,460	28,953
279,562	28,953
279,664	28,953
279,766	28,945
279,868	28,945
279,970	28,939
280,072	28,939
280,174	28,939
280,276	28,935
280,378	28,935
280,480	28,932
280,582	28,932
280,684	28,932
280,786	28,932
280,888	28,932
280,990	28,931
281,092	28,931
281,194	28,933
281,296	28,933
281,398	28,933
281,500	28,936
281,602	28,936
281,704	28,938
281,806	28,938
281,908	28,938
282,010	28,938
282,112	28,938
282,214	28,938
282,316	28,938
282,418	28,938
282,520	28,938
282,622	28,938
282,724	28,937
282,826	28,937
282,928	28,934
283,030	28,934
283,132	28,934
283,234	28,929
283,336	28,929
283,438	28,922
283,540	28,922
283,642	28,922
283,744	28,914
283,846	28,914
283,948	28,904
284,050	28,904
284,152	28,904
284,254	28,895
284,356	28,895
284,458	28,884
284,560	28,884
284,662	28,884
284,764	28,873
284,866	28,873
284,968	28,862
285,070	28,862
285,172	28,862
285,274	28,853
285,376	28,853
285,478	28,849
285,580	28,849
285,682	28,849
285,784	28,848
285,886	28,848
285,988	28,848
286,090	28,848
286,192	28,848
286,294	28,850
286,396	28,850
286,498	28,857
286,600	28,857
286,702	28,865
286,804	28,865
286,906	28,865
287,008	28,875
287,110	28,875
287,212	28,885
287,314	28,885
287,416	28,885
287,518	28,894
287,620	28,894
287,722	28,902
287,824	28,902
287,926	28,902
288,028	28,906
288,130	28,906
288,232	28,906
288,334	28,906
288,436	28,906
288,539	28,903
288,641	28,903
288,743	28,899
288,845	28,899
288,947	28,899
289,049	28,894
289,151	28,894
289,253	28,887
289,355	28,887
289,457	28,887
289,559	28,880
289,661	28,880
289,763	28,871
289,865	28,871
289,967	28,861
290,069	28,861
290,171	28,861
290,273	28,851
290,375	28,851
290,477	28,840
290,579	28,840
290,680	28,840
290,782	28,829
290,884	28,829
290,986	28,819
291,088	28,819
291,190	28,819
291,292	28,810
291,394	28,810
291,496	28,802
291,598	28,802
291,700	28,802
291,802	28,794
291,904	28,794
292,006	28,788
292,108	28,788
292,210	28,788
292,312	28,783
292,414	28,783
292,516	28,778
292,618	28,778
292,720	28,778
292,822	28,774
292,924	28,774
293,026	28,771
293,128	28,771
293,230	28,767
293,332	28,767
293,434	28,767
293,536	28,763
293,638	28,763
293,740	28,760
293,842	28,760
293,944	28,760
294,046	28,758
294,148	28,758
294,250	28,757
294,352	28,757
294,454	28,757
294,556	28,757
294,658	28,757
294,760	28,759
294,862	28,759
294,964	28,759
295,066	28,760
295,168	28,760
295,270	28,762
295,372	28,762
295,474	28,762
295,576	28,766
295,678	28,766
295,780	28,770
295,882	28,770
295,984	28,770
296,086	28,775
296,188	28,775
296,290	28,782
296,392	28,782
296,494	28,790
296,596	28,790
296,698	28,790
296,800	28,798
296,902	28,798
297,004	28,806
297,106	28,806
297,208	28,806
297,310	28,817
297,412	28,817
297,514	28,831
297,616	28,831
297,718	28,831
297,820	28,849
297,922	28,849
298,024	28,870
298,126	28,870
298,228	28,870
298,330	28,890
298,432	28,890
298,534	28,913
298,636	28,913
298,738	28,913
298,840	28,936
298,942	28,936
299,044	28,958
299,146	28,958
299,248	28,958
299,350	28,979
299,452	28,979
299,554	28,997
299,656	28,997
299,758	29,012
299,860	29,012
299,962	29,012
300,064	29,025
300,166	29,025
300,268	29,033
300,370	29,033
300,472	29,033
300,574	29,040
300,676	29,040
300,778	29,045
300,880	29,045
300,982	29,045
301,084	29,051
301,186	29,051
301,288	29,055
301,390	29,055
301,492	29,055
301,594	29,058
301,696	29,058
301,798	29,060
301,900	29,060
302,002	29,060
302,104	29,060
302,206	29,060
302,308	29,059
302,410	29,059
302,512	29,056
302,614	29,056
302,716	29,056
302,818	29,051
302,920	29,051
303,022	29,046
303,124	29,046
303,226	29,046
303,328	29,040
303,430	29,040
303,532	29,034
303,634	29,034
303,736	29,034
303,838	29,026
303,940	29,026
304,042	29,016
304,144	29,016
304,246	29,016
304,348	29,006
304,450	29,006
304,552	28,994
304,654	28,994
304,756	28,994
304,858	28,981
304,960	28,981
305,062	28,969
305,164	28,969
305,266	28,969
305,368	28,957
305,470	28,957
305,572	28,945
305,674	28,945
305,776	28,945
305,878	28,934
305,981	28,934
306,083	28,925
306,185	28,925
306,287	28,917
306,389	28,917
306,491	28,917
306,593	28,908
306,695	28,908
306,797	28,900
306,899	28,900
307,001	28,900
307,103	28,892
307,205	28,892
307,307	28,885
307,409	28,885
307,511	28,885
307,613	28,878
307,715	28,878
307,817	28,871
307,919	28,871
308,021	28,871
308,122	28,866
308,224	28,866
308,326	28,862
308,428	28,862
308,530	28,862
308,632	28,860
308,734	28,860
308,836	28,857
308,938	28,857
309,040	28,857
309,142	28,854
309,244	28,854
309,346	28,850
309,448	28,850
309,550	28,845
309,652	28,845
309,754	28,845
309,856	28,841
309,958	28,841
310,060	28,837
310,162	28,837
310,264	28,837
310,366	28,832
310,468	28,832
310,570	28,827
310,672	28,827
310,774	28,827
310,876	28,823
310,978	28,823
311,080	28,822
311,182	28,822
311,284	28,822
311,386	28,821
311,488	28,821
311,590	28,820
311,692	28,820
311,794	28,820
311,896	28,820
311,998	28,820
312,100	28,818
312,202	28,818
312,304	28,818
312,406	28,816
312,508	28,816
312,610	28,813
312,712	28,813
312,814	28,810
312,916	28,810
313,018	28,810
313,120	28,807
313,222	28,807
313,324	28,805
313,426	28,805
313,528	28,805
313,630	28,803
313,732	28,803
313,834	28,802
313,936	28,802
314,038	28,802
314,140	28,800
314,242	28,800
314,344	28,799
314,446	28,799
314,548	28,799
314,650	28,797
314,752	28,797
314,854	28,795
314,956	28,795
315,058	28,795
315,160	28,793
315,262	28,793
315,364	28,790
315,466	28,790
315,568	28,790
315,670	28,786
315,772	28,786
315,874	28,783
315,976	28,783
316,078	28,779
316,180	28,779
316,282	28,779
316,384	28,776
316,486	28,776
316,588	28,774
316,690	28,774
316,792	28,774
316,894	28,772
316,996	28,772
317,098	28,772
317,200	28,772
317,302	28,772
317,404	28,772
317,506	28,772
317,608	28,774
317,710	28,774
317,812	28,774
317,914	28,779
318,016	28,779
318,118	28,783
318,220	28,783
318,322	28,783
318,424	28,790
318,526	28,790
318,628	28,796
318,730	28,796
318,832	28,801
318,934	28,801
319,036	28,801
319,138	28,805
319,240	28,805
319,342	28,807
319,444	28,807
319,546	28,807
319,648	28,807
319,750	28,807
319,852	28,807
319,954	28,807
320,056	28,807
320,158	28,806
320,260	28,806
320,362	28,803
320,464	28,803
320,566	28,803
320,668	28,800
320,770	28,800
320,872	28,798
320,974	28,798
321,076	28,798
321,178	28,796
321,280	28,796
321,382	28,794
321,484	28,794
321,586	28,791
321,688	28,791
321,790	28,791
321,892	28,789
321,994	28,789
322,096	28,788
322,198	28,788
322,300	28,788
322,402	28,788
322,504	28,788
322,606	28,787
322,708	28,787
322,810	28,787
322,912	28,785
323,014	28,785
323,116	28,783
323,218	28,783
323,320	28,783
323,422	28,779
323,525	28,779
323,627	28,777
323,729	28,777
323,831	28,777
323,933	28,775
324,035	28,775
324,137	28,773
324,239	28,773
324,341	28,773
324,443	28,772
324,545	28,772
324,647	28,772
324,749	28,772
324,851	28,772
324,953	28,772
325,055	28,772
325,157	28,772
325,259	28,772
325,361	28,771
325,463	28,771
325,565	28,771
325,666	28,769
325,768	28,769
325,870	28,768
325,972	28,768
326,074	28,768
326,176	28,766
326,278	28,766
326,380	28,764
326,482	28,764
326,584	28,764
326,686	28,762
326,788	28,762
326,890	28,761
326,992	28,761
327,094	28,761
327,196	28,760
327,298	28,760
327,400	28,759
327,502	28,759
327,604	28,759
327,706	28,758
327,808	28,758
327,910	28,758
328,012	28,758
328,114	28,758
328,216	28,757
328,318	28,757
328,420	28,757
328,522	28,757
328,624	28,758
328,726	28,758
328,828	28,758
328,930	28,760
329,032	28,760
329,134	28,764
329,236	28,764
329,338	28,764
329,440	28,768
329,542	28,768
329,644	28,774
329,746	28,774
329,848	28,774
329,950	28,780
330,052	28,780
330,154	28,787
330,256	28,787
330,358	28,787
330,460	28,794
330,562	28,794
330,664	28,799
330,766	28,799
330,868	28,799
330,970	28,804
331,072	28,804
331,174	28,808
331,276	28,808
331,378	28,808
331,480	28,811
331,582	28,811
331,684	28,814
331,786	28,814
331,888	28,818
331,990	28,818
332,092	28,818
332,194	28,824
332,296	28,824
332,398	28,830
332,500	28,830
332,602	28,830
332,704	28,836
332,806	28,836
332,908	28,843
333,010	28,843
333,112	28,843
333,214	28,848
333,316	28,848
333,418	28,854
333,520	28,854
333,622	28,854
333,724	28,859
333,826	28,859
333,928	28,865
334,030	28,865
334,132	28,865
334,234	28,871
334,336	28,871
334,438	28,877
334,540	28,877
334,642	28,877
334,744	28,883
334,846	28,883
334,948	28,886
335,050	28,886
335,152	28,889
335,254	28,889
335,356	28,889
335,458	28,891
335,560	28,891
335,662	28,892
335,764	28,892
335,866	28,892
335,968	28,892
336,070	28,892
336,172	28,892
336,274	28,892
336,376	28,892
336,478	28,890
336,580	28,890
336,682	28,888
336,784	28,888
336,886	28,888
336,988	28,885
337,090	28,885
337,192	28,881
337,294	28,881
337,396	28,877
337,498	28,877
337,600	28,877
337,702	28,873
337,804	28,873
337,906	28,873
338,008	28,869
338,110	28,869
338,212	28,865
338,314	28,865
338,416	28,861
338,518	28,861
338,620	28,861
338,722	28,858
338,824	28,858
338,926	28,855
339,028	28,855
339,130	28,855
339,232	28,851
339,334	28,851
339,436	28,847
339,538	28,847
339,640	28,847
339,742	28,844
339,844	28,844
339,946	28,841
340,048	28,841
340,150	28,841
340,252	28,839
340,354	28,839
340,456	28,838
340,558	28,838
340,660	28,838
340,762	28,837
340,864	28,837
340,967	28,836
341,069	28,836
341,171	28,836
341,273	28,836
341,375	28,836
341,477	28,836
341,579	28,836
341,681	28,837
341,783	28,837
341,885	28,837
341,987	28,839
342,089	28,839
342,191	28,841
342,293	28,841
342,395	28,841
342,497	28,843
342,599	28,843
342,701	28,846
342,803	28,846
342,905	28,846
343,007	28,848
343,108	28,848
343,210	28,850
343,312	28,850
343,414	28,850
343,516	28,853
343,618	28,853
343,720	28,855
343,822	28,855
343,924	28,855
344,026	28,855
344,128	28,855
344,230	28,854
344,332	28,854
344,434	28,854
344,536	28,851
344,638	28,851
344,740	28,848
344,842	28,848
344,944	28,845
345,046	28,845
345,148	28,845
345,250	28,840
345,352	28,840
345,454	28,836
345,556	28,836
345,658	28,836
345,760	28,833
345,862	28,833
345,964	28,830
346,066	28,830
346,168	28,830
346,270	28,826
346,372	28,826
346,474	28,822
346,576	28,822
346,678	28,822
346,780	28,818
346,882	28,818
346,984	28,814
347,086	28,814
347,188	28,814
347,290	28,811
347,392	28,811
347,494	28,808
347,596	28,808
347,698	28,808
347,800	28,804
347,902	28,804
348,004	28,802
348,106	28,802
348,208	28,799
348,310	28,799
348,412	28,799
348,514	28,797
348,616	28,797
348,718	28,797
348,820	28,797
348,922	28,797
349,024	28,795
349,126	28,795
349,228	28,794
349,330	28,794
349,432	28,794
349,534	28,792
349,636	28,792
349,738	28,790
349,840	28,790
349,942	28,790
350,044	28,788
350,146	28,788
350,248	28,786
350,350	28,786
350,452	28,786
350,554	28,786
350,656	28,786
350,758	28,787
350,860	28,787
350,962	28,787
351,064	28,788
351,166	28,788
351,268	28,788
351,370	28,788
351,472	28,788
351,574	28,788
351,676	28,788
351,778	28,788
351,880	28,788
351,982	28,788
352,084	28,788
352,186	28,788
352,288	28,789
352,390	28,789
352,492	28,790
352,594	28,790
352,696	28,790
352,798	28,791
352,900	28,791
353,002	28,792
353,104	28,792
353,206	28,792
353,308	28,794
353,410	28,794
353,512	28,799
353,614	28,799
353,716	28,799
353,818	28,803
353,920	28,803
354,022	28,807
354,124	28,807
354,226	28,807
354,328	28,810
354,430	28,810
354,532	28,813
354,634	28,813
354,736	28,814
354,838	28,814
354,940	28,814
355,042	28,815
355,144	28,815
355,246	28,814
355,348	28,814
355,450	28,814
355,552	28,813
355,654	28,813
355,756	28,813
355,858	28,813
355,960	28,813
356,062	28,813
356,164	28,813
356,266	28,813
356,368	28,813
356,470	28,813
356,572	28,812
356,674	28,812
356,776	28,810
356,878	28,810
356,980	28,808
357,082	28,808
357,184	28,808
357,286	28,807
357,388	28,807
357,490	28,807
357,592	28,807
357,694	28,807
357,796	28,806
357,898	28,806
358,000	28,805
358,102	28,805
358,204	28,805
358,306	28,804
358,408	28,804
358,511	28,803
358,613	28,803
358,715	28,803
358,817	28,802
358,919	28,802
359,021	28,801
359,123	28,801
359,225	28,801
359,327	28,798
359,429	28,798
359,531	28,796
359,633	28,796
359,735	28,796
359,837	28,793
359,939	28,793
360,041	28,790
360,143	28,790
360,245	28,790
360,347	28,787
360,449	28,787
360,550	28,785
360,652	28,785
360,754	28,781
360,856	28,781
360,958	28,781
361,060	28,779
361,162	28,779
361,264	28,777
361,366	28,777
361,468	28,777
361,570	28,776
361,672	28,776
361,774	28,775
361,876	28,775
361,978	28,775
362,080	28,774
362,182	28,774
362,284	28,775
362,386	28,775
362,488	28,775
362,590	28,776
362,692	28,776
362,794	28,776
362,896	28,776
362,998	28,776
363,100	28,776
363,202	28,776
363,304	28,775
363,406	28,775
363,508	28,775
363,610	28,774
363,712	28,774
363,814	28,774
363,916	28,774
364,018	28,774
364,120	28,774
364,222	28,774
364,324	28,773
364,426	28,773
364,528	28,771
364,630	28,771
364,732	28,771
364,834	28,770
364,936	28,770
365,038	28,769
365,140	28,769
365,242	28,769
365,344	28,768
365,446	28,768
365,548	28,766
365,650	28,766
365,752	28,766
365,854	28,764
365,956	28,764
366,058	28,762
366,160	28,762
366,262	28,762
366,364	28,760
366,466	28,760
366,568	28,759
366,670	28,759
366,772	28,759
366,874	28,757
366,976	28,757
367,078	28,756
367,180	28,756
367,282	28,754
367,384	28,754
367,486	28,754
367,588	28,754
367,690	28,754
367,792	28,755
367,894	28,755
367,996	28,755
368,098	28,754
368,200	28,754
368,302	28,754
368,404	28,754
368,506	28,754
368,608	28,754
368,710	28,754
368,812	28,754
368,914	28,754
369,016	28,754
369,118	28,754
369,220	28,754
369,322	28,753
369,424	28,753
369,526	28,753
369,628	28,752
369,730	28,752
369,832	28,752
369,934	28,752
370,036	28,752
370,138	28,752
370,240	28,752
370,342	28,753
370,444	28,753
370,546	28,752
370,648	28,752
370,750	28,752
370,852	28,753
370,954	28,753
371,056	28,755
371,158	28,755
371,260	28,755
371,362	28,756
371,464	28,756
371,566	28,758
371,668	28,758
371,770	28,758
371,872	28,759
371,974	28,759
372,076	28,759
372,178	28,759
372,280	28,759
372,382	28,761
372,484	28,761
372,586	28,763
372,688	28,763
372,790	28,763
372,892	28,766
372,994	28,766
373,096	28,767
373,198	28,767
373,300	28,767
373,402	28,768
373,504	28,768
373,606	28,768
373,708	28,768
373,810	28,768
373,912	28,768
374,014	28,768
374,116	28,768
374,218	28,768
374,320	28,768
374,422	28,768
374,524	28,768
374,626	28,768
374,728	28,768
374,830	28,767
374,932	28,767
375,034	28,767
375,136	28,767
375,238	28,767
375,340	28,766
375,442	28,766
375,544	28,766
375,646	28,765
375,748	28,765
375,850	28,763
375,953	28,763
376,055	28,763
376,157	28,762
376,259	28,762
376,361	28,762
376,463	28,762
376,565	28,763
376,667	28,763
376,769	28,763
376,871	28,762
376,973	28,762
377,075	28,762
377,177	28,762
377,279	28,762
377,381	28,763
377,483	28,763
377,585	28,763
377,687	28,763
377,789	28,763
377,891	28,764
377,993	28,764
378,094	28,765
378,196	28,765
378,298	28,765
378,400	28,766
378,502	28,766
378,604	28,768
378,706	28,768
378,808	28,768
378,910	28,770
379,012	28,770
379,114	28,772
379,216	28,772
379,318	28,772
379,420	28,773
379,522	28,773
379,624	28,774
379,726	28,774
379,828	28,774
379,930	28,775
380,032	28,775
380,134	28,777
380,236	28,777
380,338	28,778
380,440	28,778
380,542	28,778
380,644	28,778
380,746	28,778
380,848	28,779
380,950	28,779
381,052	28,779
381,154	28,780
381,256	28,780
381,358	28,779
381,460	28,779
381,562	28,779
381,664	28,779
381,766	28,779
381,868	28,779
381,970	28,779
382,072	28,779
382,174	28,779
382,276	28,779
382,378	28,779
382,480	28,779
382,582	28,779
382,684	28,779
382,786	28,779
382,888	28,778
382,990	28,778
383,092	28,778
383,194	28,777
383,296	28,777
383,398	28,779
383,500	28,779
383,602	28,780
383,704	28,780
383,806	28,780
383,908	28,778
384,010	28,778
384,112	28,776
384,214	28,776
384,316	28,776
384,418	28,774
384,520	28,774
384,622	28,772
384,724	28,772
384,826	28,772
384,928	28,772
385,030	28,772
385,132	28,772
385,234	28,772
385,336	28,772
385,438	28,771
385,540	28,771
385,642	28,771
385,744	28,771
385,846	28,771
385,948	28,772
386,050	28,772
386,152	28,773
386,254	28,773
386,356	28,773
386,458	28,773
386,560	28,773
386,662	28,774
386,764	28,774
386,866	28,775
386,968	28,775
387,070	28,775
387,172	28,776
387,274	28,776
387,376	28,776
387,478	28,776
387,580	28,776
387,682	28,776
387,784	28,776
387,886	28,778
387,988	28,778
388,090	28,778
388,192	28,780
388,294	28,780
388,396	28,781
388,498	28,781
388,600	28,781
388,702	28,782
388,804	28,782
388,906	28,782
389,008	28,782
389,110	28,783
389,212	28,783
389,314	28,783
389,416	28,783
389,518	28,783
389,620	28,783
389,722	28,783
389,824	28,783
389,926	28,784
390,028	28,784
390,130	28,785
390,232	28,785
390,334	28,785
390,436	28,786
390,538	28,786
390,640	28,785
390,742	28,785
390,844	28,785
390,946	28,783
391,048	28,783
391,150	28,782
391,252	28,782
391,354	28,782
391,456	28,782
391,558	28,782
391,660	28,784
391,762	28,784
391,864	28,784
391,966	28,784
392,068	28,784
392,170	28,784
392,272	28,784
392,374	28,784
392,476	28,785
392,578	28,785
392,680	28,784
392,782	28,784
392,884	28,783
392,986	28,783
393,088	28,783
393,190	28,782
393,292	28,782
393,395	28,783
393,497	28,783
393,599	28,783
393,701	28,783
393,803	28,783
393,905	28,781
394,007	28,781
394,109	28,781
394,211	28,779
394,313	28,779
394,415	28,778
394,517	28,778
394,619	28,778
394,721	28,777
394,823	28,777
394,925	28,778
395,027	28,778
395,129	28,778
395,231	28,778
395,333	28,778
395,435	28,777
395,536	28,777
395,638	28,777
395,740	28,777
395,842	28,777
395,944	28,778
396,046	28,778
396,148	28,776
396,250	28,776
396,352	28,776
396,454	28,775
396,556	28,775
396,658	28,775
396,760	28,775
396,862	28,775
396,964	28,774
397,066	28,774
397,168	28,774
397,270	28,774
397,372	28,774
397,474	28,772
397,576	28,772
397,678	28,771
397,780	28,771
397,882	28,771
397,984	28,769
398,086	28,769
398,188	28,769
398,290	28,769
398,392	28,769
398,494	28,770
398,596	28,770
398,698	28,771
398,800	28,771
398,902	28,771
399,004	28,771
399,106	28,771
399,208	28,770
399,310	28,770
399,412	28,770
399,514	28,770
399,616	28,770
399,718	28,770
399,820	28,770
399,922	28,771
400,024	28,771
400,126	28,771
400,228	28,770
400,330	28,770
400,432	28,769
400,534	28,769
400,636	28,769
400,738	28,768
400,840	28,768
400,942	28,768
401,044	28,768
401,146	28,768
401,248	28,767
401,350	28,767
401,452	28,765
401,554	28,765
401,656	28,765
401,758	28,763
401,860	28,763
401,962	28,762
402,064	28,762
402,166	28,762
402,268	28,762
402,370	28,762
402,472	28,762
402,574	28,762
402,676	28,763
402,778	28,763
402,880	28,763
402,982	28,763
403,084	28,763
403,186	28,763
403,288	28,763
403,390	28,763
403,492	28,762
403,594	28,762
403,696	28,762
403,798	28,762
403,900	28,762
404,002	28,762
404,104	28,762
404,206	28,763
404,308	28,763
404,410	28,763
404,512	28,764
404,614	28,764
404,716	28,766
404,818	28,766
404,920	28,766
405,022	28,767
405,124	28,767
405,226	28,767
405,328	28,767
405,430	28,767
405,532	28,767
405,634	28,767
405,736	28,766
405,838	28,766
405,940	28,766
406,042	28,766
406,144	28,766
406,246	28,765
406,348	28,765
406,450	28,765
406,552	28,765
406,654	28,765
406,756	28,765
406,858	28,765
406,960	28,765
407,062	28,765
407,164	28,765
407,266	28,766
407,368	28,766
407,470	28,768
407,572	28,768
407,674	28,768
407,776	28,769
407,878	28,769
407,980	28,770
408,082	28,770
408,184	28,770
408,286	28,772
408,388	28,772
408,490	28,774
408,592	28,774
408,694	28,774
408,796	28,777
408,898	28,777
409,000	28,781
409,102	28,781
409,204	28,785
409,306	28,785
409,408	28,785
409,510	28,788
409,612	28,788
409,714	28,792
409,816	28,792
409,918	28,792
410,020	28,794
410,122	28,794
410,224	28,795
410,326	28,795
410,428	28,795
410,530	28,795
410,632	28,795
410,734	28,794
410,836	28,794
410,939	28,794
411,041	28,794
411,143	28,794
411,245	28,793
411,347	28,793
411,449	28,793
411,551	28,793
411,653	28,793
411,755	28,793
411,857	28,793
411,959	28,792
412,061	28,792
412,163	28,792
412,265	28,792
412,367	28,792
412,469	28,792
412,571	28,792
412,673	28,792
412,775	28,792
412,877	28,792
412,979	28,792
413,080	28,792
413,182	28,792
413,284	28,791
413,386	28,791
413,488	28,791
413,590	28,791
413,692	28,791
413,794	28,791
413,896	28,791
413,998	28,789
414,100	28,789
414,202	28,789
414,304	28,788
414,406	28,788
414,508	28,788
414,610	28,788
414,712	28,788
414,814	28,787
414,916	28,787
415,018	28,786
415,120	28,786
415,222	28,786
415,324	28,784
415,426	28,784
415,528	28,783
415,630	28,783
415,732	28,780
415,834	28,780
415,936	28,780
416,038	28,779
416,140	28,779
416,242	28,777
416,344	28,777
416,446	28,777
416,548	28,776
416,650	28,776
416,752	28,774
416,854	28,774
416,956	28,774
417,058	28,771
417,160	28,771
417,262	28,768
417,364	28,768
417,466	28,768
417,568	28,767
417,670	28,767
417,772	28,767
417,874	28,767
417,976	28,767
418,078	28,768
418,180	28,768
418,282	28,768
418,384	28,768
418,486	28,768
418,588	28,767
418,690	28,767
418,792	28,768
418,894	28,768
418,996	28,767
419,098	28,767
419,200	28,767
419,302	28,766
419,404	28,766
419,506	28,765
419,608	28,765
419,710	28,765
419,812	28,764
419,914	28,764
420,016	28,764
420,118	28,764
420,220	28,764
420,322	28,764
420,424	28,764
420,526	28,763
420,628	28,763
420,730	28,763
420,832	28,763
420,934	28,763
421,036	28,763
421,138	28,763
421,240	28,763
421,342	28,763
421,444	28,763
421,546	28,763
421,648	28,763
421,750	28,763
421,852	28,763
421,954	28,763
422,056	28,762
422,158	28,762
422,260	28,761
422,362	28,761
422,464	28,761
422,566	28,760
422,668	28,760
422,770	28,759
422,872	28,759
422,974	28,759
423,076	28,757
423,178	28,757
423,280	28,755
423,382	28,755
423,484	28,755
423,586	28,753
423,688	28,753
423,790	28,753
423,892	28,753
423,994	28,753
424,096	28,753
424,198	28,753
424,300	28,752
424,402	28,752
424,504	28,752
424,606	28,751
424,708	28,751
424,810	28,751
424,912	28,751
425,014	28,751
425,116	28,750
425,218	28,750
425,320	28,750
425,422	28,750
425,524	28,750
425,626	28,750
425,728	28,750
425,830	28,750
425,932	28,750
426,034	28,750
426,136	28,750
426,238	28,750
426,340	28,749
426,442	28,749
426,544	28,748
426,646	28,748
426,748	28,748
426,850	28,747
426,952	28,747
427,054	28,746
427,156	28,746
427,258	28,746
427,360	28,746
427,462	28,746
427,564	28,746
427,666	28,746
427,768	28,746
427,870	28,746
427,972	28,746
428,074	28,747
428,176	28,747
428,278	28,748
428,381	28,748
428,483	28,748
428,585	28,750
428,687	28,750
428,789	28,752
428,891	28,752
428,993	28,752
429,095	28,753
429,197	28,753
429,299	28,754
429,401	28,754
429,503	28,754
429,605	28,753
429,707	28,753
429,809	28,753
429,911	28,753
430,013	28,753
430,115	28,754
430,217	28,754
430,319	28,755
430,421	28,755
430,522	28,755
430,624	28,758
430,726	28,758
430,828	28,760
430,930	28,760
431,032	28,760
431,134	28,761
431,236	28,761
431,338	28,764
431,440	28,764
431,542	28,766
431,644	28,766
431,746	28,766
431,848	28,766
431,950	28,766
432,052	28,767
432,154	28,767
432,256	28,767
432,358	28,767
432,460	28,767
432,562	28,767
432,664	28,767
432,766	28,767
432,868	28,767
432,970	28,767
433,072	28,767
433,174	28,767
433,276	28,767
433,378	28,766
433,480	28,766
433,582	28,766
433,684	28,766
433,786	28,766
433,888	28,766
433,990	28,766
434,092	28,767
434,194	28,767
434,296	28,767
434,398	28,769
434,500	28,769
434,602	28,769
434,704	28,769
434,806	28,770
434,908	28,770
435,010	28,770
435,112	28,770
435,214	28,770
435,316	28,770
435,418	28,770
435,520	28,770
435,622	28,769
435,724	28,769
435,826	28,769
435,928	28,769
436,030	28,769
436,132	28,769
436,234	28,769
436,336	28,769
436,438	28,769
436,540	28,769
436,642	28,768
436,744	28,768
436,846	28,766
436,948	28,766
437,050	28,766
437,152	28,764
437,254	28,764
437,356	28,763
437,458	28,763
437,560	28,763
437,662	28,764
437,764	28,764
437,866	28,765
437,968	28,765
438,070	28,764
438,172	28,764
438,274	28,764
438,376	28,763
438,478	28,763
438,580	28,762
438,682	28,762
438,784	28,762
438,886	28,761
438,988	28,761
439,090	28,760
439,192	28,760
439,294	28,760
439,396	28,760
439,498	28,760
439,600	28,760
439,702	28,760
439,804	28,760
439,907	28,760
440,009	28,760
440,111	28,758
440,213	28,758
440,315	28,758
440,417	28,758
440,519	28,758
440,621	28,759
440,723	28,759
440,825	28,759
440,927	28,758
441,029	28,758
441,131	28,756
441,233	28,756
441,335	28,755
441,437	28,755
441,539	28,755
441,641	28,755
441,743	28,755
441,845	28,754
441,947	28,754
442,049	28,754
442,151	28,753
442,253	28,753
442,355	28,752
442,457	28,752
442,559	28,752
442,661	28,751
442,763	28,751
442,865	28,752
442,967	28,752
443,069	28,752
443,171	28,753
443,273	28,753
443,375	28,753
443,477	28,753
443,579	28,753
443,681	28,753
443,783	28,753
443,885	28,752
443,987	28,752
444,087	28,752
444,188	28,751
444,290	28,751
444,392	28,751
444,494	28,751
444,596	28,752
444,698	28,752
444,800	28,752
444,902	28,751
445,004	28,751
445,106	28,750
445,208	28,750
445,310	28,750
445,412	28,749
445,514	28,749
445,616	28,750
445,718	28,750
445,820	28,750
445,923	28,750
446,025	28,750
446,127	28,750
446,229	28,750
446,331	28,750
446,433	28,749
446,535	28,749
446,637	28,748
446,739	28,748
446,841	28,748
446,943	28,748
447,045	28,748
447,147	28,748
447,249	28,748
447,351	28,748
447,453	28,748
447,555	28,748
447,657	28,748
447,759	28,748
447,861	28,749
447,962	28,749
448,064	28,749
448,166	28,749
448,268	28,749
448,370	28,750
448,472	28,750
448,574	28,750
448,676	28,750
448,778	28,750
448,880	28,749
448,982	28,749
449,084	28,749
449,186	28,749
449,288	28,749
449,390	28,751
449,492	28,751
449,594	28,751
449,696	28,752
449,798	28,752
449,900	28,753
450,002	28,753
450,104	28,753
450,206	28,754
450,308	28,754
450,410	28,755
450,512	28,755
450,614	28,755
450,716	28,755
450,818	28,755
450,920	28,756
451,022	28,756
451,124	28,758
451,226	28,758
451,328	28,758
451,430	28,759
451,532	28,759
451,634	28,761
451,736	28,761
451,838	28,761
451,940	28,763
452,042	28,763
452,144	28,764
452,246	28,764
452,348	28,764
452,450	28,765
452,552	28,765
452,654	28,765
452,756	28,765
452,858	28,765
452,960	28,766
453,062	28,766
453,164	28,767
453,266	28,767
453,368	28,767
453,470	28,768
453,572	28,768
453,674	28,767
453,776	28,767
453,878	28,767
453,980	28,765
454,082	28,765
454,184	28,765
454,286	28,765
454,388	28,765
454,490	28,765
454,592	28,765
454,694	28,764
454,796	28,764
454,898	28,763
455,000	28,763
455,102	28,763
455,204	28,760
455,306	28,760
455,408	28,759
455,510	28,759
455,612	28,759
455,714	28,759
455,816	28,759
455,918	28,758
456,020	28,758
456,122	28,758
456,224	28,758
456,326	28,758
456,428	28,758
456,530	28,758
456,632	28,758
456,734	28,757
456,836	28,757
456,938	28,756
457,040	28,756
457,142	28,756
457,244	28,756
457,346	28,756
457,448	28,756
457,550	28,756
457,652	28,755
457,754	28,755
457,856	28,755
457,958	28,754
458,060	28,754
458,162	28,753
458,264	28,753
458,366	28,753
458,468	28,753
458,570	28,753
458,672	28,752
458,774	28,752
458,876	28,752
458,978	28,751
459,080	28,751
459,182	28,751
459,284	28,751
459,386	28,751
459,488	28,751
459,590	28,751
459,692	28,752
459,794	28,752
459,896	28,752
459,998	28,751
460,100	28,751
460,202	28,750
460,304	28,750
460,406	28,750
460,508	28,751
460,610	28,751
460,712	28,752
460,814	28,752
460,916	28,752
461,018	28,752
461,120	28,752
461,222	28,752
461,324	28,752
461,426	28,752
461,528	28,752
461,630	28,752
461,732	28,751
461,834	28,751
461,936	28,751
462,038	28,751
462,140	28,751
462,242	28,750
462,344	28,750
462,446	28,749
462,548	28,749
462,650	28,749
462,752	28,749
462,854	28,749
462,956	28,748
463,058	28,748
463,160	28,748
463,262	28,748
463,365	28,748
463,467	28,748
463,569	28,748
463,671	28,748
463,773	28,747
463,875	28,747
463,977	28,747
464,079	28,747
464,181	28,746
464,283	28,746
464,385	28,746
464,487	28,747
464,589	28,747
464,691	28,748
464,793	28,748
464,895	28,748
464,997	28,747
465,099	28,747
465,201	28,745
465,303	28,745
465,405	28,745
465,506	28,744
465,608	28,744
465,710	28,744
465,812	28,744
465,914	28,744
466,016	28,743
466,118	28,743
466,220	28,741
466,322	28,741
466,424	28,741
466,526	28,741
466,628	28,741
466,730	28,740
466,832	28,740
466,934	28,740
467,036	28,740
467,138	28,740
467,240	28,739
467,342	28,739
467,444	28,739
467,546	28,739
467,648	28,739
467,750	28,738
467,852	28,738
467,954	28,738
468,056	28,738
468,158	28,738
468,260	28,739
468,362	28,739
468,464	28,738
468,566	28,738
468,668	28,738
468,770	28,738
468,872	28,738
468,974	28,737
469,076	28,737
469,178	28,737
469,280	28,737
469,382	28,737
469,484	28,736
469,586	28,736
469,688	28,736
469,790	28,736
469,892	28,736
469,994	28,737
470,096	28,737
470,198	28,737
470,300	28,737
470,402	28,737
470,504	28,736
470,606	28,736
470,708	28,737
470,810	28,737
470,912	28,737
471,014	28,738
471,116	28,738
471,218	28,738
471,320	28,738
471,422	28,738
471,524	28,738
471,626	28,738
471,728	28,738
471,830	28,738
471,932	28,738
472,034	28,739
472,136	28,739
472,238	28,740
472,340	28,740
472,442	28,740
472,544	28,741
472,646	28,741
472,748	28,742
472,850	28,742
472,952	28,742
473,054	28,744
473,156	28,744
473,258	28,744
473,360	28,744
473,462	28,744
473,564	28,744
473,666	28,744
473,768	28,744
473,870	28,744
473,972	28,744
474,074	28,744
474,176	28,744
474,278	28,745
474,380	28,745
474,482	28,747
474,584	28,747
474,686	28,747
474,788	28,749
474,890	28,749
474,992	28,750
475,094	28,750
475,196	28,750
475,298	28,750
475,400	28,750
475,502	28,750
475,604	28,750
475,706	28,750
475,808	28,751
475,910	28,751
476,012	28,752
476,114	28,752
476,216	28,752
476,318	28,752
476,420	28,752
476,522	28,752
476,624	28,752
476,726	28,754
476,828	28,754
476,930	28,754
477,032	28,755
477,134	28,755
477,236	28,757
477,338	28,757
477,440	28,757
477,542	28,757
477,644	28,757
477,746	28,756
477,848	28,756
477,950	28,756
478,052	28,755
478,154	28,755
478,256	28,756
478,358	28,756
478,460	28,756
478,562	28,757
478,664	28,757
478,766	28,757
478,868	28,757
478,970	28,757
479,072	28,755
479,174	28,755
479,276	28,755
479,378	28,755
479,480	28,755
479,582	28,755
479,684	28,755
479,786	28,755
479,888	28,755
479,990	28,756
480,092	28,756
480,194	28,756
480,296	28,755
480,398	28,755
480,500	28,754
480,602	28,754
480,704	28,754
480,807	28,754
480,909	28,754
481,011	28,755
481,113	28,755
481,215	28,755
481,317	28,755
481,419	28,755
481,521	28,755
481,623	28,755
481,725	28,755
481,827	28,754
481,929	28,754
482,031	28,752
482,133	28,752
482,235	28,752
482,337	28,751
482,439	28,751
482,541	28,751
482,643	28,751
482,745	28,750
482,847	28,750
482,948	28,750
483,050	28,749
483,152	28,749
483,254	28,749
483,356	28,749
483,458	28,749
483,560	28,749
483,662	28,749
483,764	28,750
483,866	28,750
483,968	28,750
484,070	28,750
484,172	28,750
484,274	28,749
484,376	28,749
484,478	28,749
484,580	28,749
484,682	28,749
484,784	28,750
484,886	28,750
484,988	28,750
485,090	28,750
485,192	28,750
485,294	28,749
485,396	28,749
485,498	28,749
485,600	28,750
485,702	28,750
485,804	28,749
485,906	28,749
486,008	28,749
486,110	28,749
486,212	28,749
486,314	28,749
486,416	28,749
486,518	28,749
486,620	28,749
486,722	28,749
486,824	28,749
486,926	28,749
487,028	28,749
487,130	28,749
487,232	28,749
487,334	28,749
487,436	28,749
487,538	28,749
487,640	28,749
487,742	28,749
487,844	28,748
487,946	28,748
488,048	28,748
488,150	28,748
488,252	28,748
488,354	28,748
488,456	28,748
488,558	28,749
488,660	28,749
488,762	28,749
488,864	28,750
488,966	28,750
489,068	28,751
489,170	28,751
489,272	28,751
489,374	28,751
489,476	28,751
489,578	28,751
489,680	28,751
489,782	28,751
489,884	28,751
489,986	28,751
490,088	28,751
490,190	28,751
490,292	28,750
490,394	28,750
490,496	28,750
490,598	28,749
490,700	28,749
490,802	28,749
490,904	28,749
491,006	28,749
491,108	28,749
491,210	28,749
491,312	28,748
491,414	28,748
491,516	28,748
491,618	28,747
491,720	28,747
491,822	28,746
491,924	28,746
492,026	28,746
492,128	28,745
492,230	28,745
492,332	28,746
492,434	28,746
492,536	28,746
492,638	28,745
492,740	28,745
492,842	28,743
492,944	28,743
493,046	28,742
493,148	28,742
493,250	28,742
493,352	28,741
493,454	28,741
493,556	28,740
493,658	28,740
493,760	28,740
493,862	28,740
493,964	28,740
494,066	28,739
494,168	28,739
494,270	28,739
494,372	28,738
494,474	28,738
494,576	28,738
494,678	28,738
494,780	28,738
494,882	28,738
494,984	28,738
495,086	28,737
495,188	28,737
495,290	28,736
495,392	28,736
495,494	28,736
495,596	28,735
495,698	28,735
495,800	28,735
495,902	28,734
496,004	28,734
496,106	28,733
496,208	28,733
496,310	28,733
496,412	28,733
496,514	28,733
496,616	28,732
496,718	28,732
496,820	28,732
496,922	28,732
497,024	28,732
497,126	28,732
497,228	28,732
497,330	28,732
497,432	28,732
497,534	28,732
497,636	28,731
497,738	28,731
497,840	28,731
497,942	28,731
498,044	28,731
498,146	28,730
498,248	28,730
498,351	28,730
498,453	28,730
498,555	28,730
498,657	28,730
498,759	28,730
498,861	28,729
498,963	28,729
499,065	28,729
499,167	28,729
499,269	28,729
499,371	28,729
499,473	28,729
499,575	28,730
499,677	28,730
499,779	28,730
499,881	28,731
499,983	28,731
500,085	28,731
500,187	28,731
500,289	28,731
500,391	28,731
500,492	28,731
500,594	28,731
500,696	28,731
500,798	28,731
500,900	28,731
501,002	28,731
501,104	28,730
501,206	28,730
501,308	28,730
501,410	28,730
501,512	28,730
501,614	28,732
501,716	28,732
501,818	28,732
501,920	28,732
502,022	28,732
502,124	28,733
502,226	28,733
502,328	28,733
502,430	28,733
502,532	28,733
502,634	28,734
502,736	28,734
502,838	28,734
502,940	28,734
503,042	28,734
503,144	28,735
503,246	28,735
503,348	28,734
503,450	28,734
503,552	28,734
503,654	28,734
503,756	28,734
503,858	28,735
503,960	28,735
504,062	28,735
504,164	28,736
504,266	28,736
504,368	28,738
504,470	28,738
504,572	28,738
504,674	28,738
504,776	28,738
504,878	28,737
504,980	28,737
505,082	28,737
505,184	28,738
505,286	28,738
505,388	28,739
505,490	28,739
505,592	28,739
505,694	28,739
505,796	28,739
505,898	28,739
506,000	28,739
506,102	28,741
506,204	28,741
506,306	28,741
506,408	28,741
506,510	28,741
506,612	28,740
506,714	28,740
506,816	28,740
506,918	28,739
507,020	28,739
507,122	28,738
507,224	28,738
507,326	28,738
507,428	28,738
507,530	28,738
507,632	28,738
507,734	28,738
507,836	28,738
507,938	28,738
508,040	28,738
508,142	28,737
508,244	28,737
508,346	28,737
508,448	28,737
508,550	28,737
508,652	28,737
508,754	28,737
508,856	28,737
508,958	28,738
509,060	28,738
509,162	28,738
509,264	28,738
509,366	28,738
509,468	28,738
509,570	28,738
509,672	28,738
509,774	28,738
509,876	28,738
509,978	28,738
510,080	28,738
510,182	28,738
510,284	28,738
510,386	28,738
510,488	28,738
510,590	28,738
510,692	28,738
510,794	28,738
510,896	28,737
510,998	28,737
511,100	28,737
511,202	28,737
511,304	28,737
511,406	28,737
511,508	28,737
511,610	28,737
511,712	28,736
511,814	28,736
511,916	28,736
512,018	28,736
512,120	28,736
512,222	28,735
512,324	28,735
512,426	28,735
512,528	28,735
512,630	28,735
512,732	28,735
512,834	28,735
512,936	28,736
513,038	28,736
513,140	28,736
513,242	28,736
513,344	28,736
513,446	28,736
513,548	28,736
513,650	28,736
513,752	28,736
513,854	28,736
513,956	28,736
514,058	28,736
514,160	28,735
514,262	28,735
514,364	28,735
514,466	28,735
514,568	28,735
514,670	28,736
514,772	28,736
514,874	28,736
514,976	28,737
515,078	28,737
515,180	28,738
515,282	28,738
515,384	28,738
515,486	28,738
515,588	28,738
515,690	28,739
515,793	28,739
515,895	28,739
515,997	28,739
516,099	28,739
516,201	28,739
516,303	28,739
516,405	28,738
516,507	28,738
516,609	28,738
516,711	28,738
516,813	28,738
516,915	28,738
517,017	28,738
517,119	28,738
517,221	28,738
517,323	28,738
517,425	28,737
517,527	28,737
517,629	28,737
517,731	28,738
517,833	28,738
517,934	28,738
518,036	28,738
518,138	28,738
518,240	28,738
518,342	28,738
518,444	28,737
518,546	28,737
518,648	28,737
518,750	28,737
518,852	28,737
518,954	28,737
519,056	28,737
519,158	28,737
519,260	28,737
519,362	28,737
519,464	28,737
519,566	28,737
519,668	28,735
519,770	28,735
519,872	28,735
519,974	28,734
520,076	28,734
520,178	28,735
520,280	28,735
520,382	28,735
520,484	28,735
520,586	28,735
520,688	28,735
520,790	28,735
520,892	28,735
520,994	28,736
521,096	28,736
521,198	28,736
521,300	28,736
521,402	28,735
521,504	28,735
521,606	28,735
521,708	28,734
521,810	28,734
521,912	28,733
522,014	28,733
522,116	28,733
522,218	28,733
522,320	28,733
522,422	28,733
522,524	28,733
522,626	28,733
522,728	28,733
522,830	28,733
522,932	28,733
523,034	28,733
523,136	28,733
523,238	28,733
523,340	28,733
523,442	28,731
523,544	28,731
523,646	28,731
523,748	28,730
523,850	28,730
523,952	28,730
524,054	28,730
524,156	28,730
524,258	28,731
524,360	28,731
524,462	28,730
524,564	28,730
524,666	28,730
524,768	28,730
524,870	28,730
524,972	28,731
525,074	28,731
525,176	28,731
525,278	28,731
525,380	28,731
525,482	28,732
525,584	28,732
525,686	28,732
525,788	28,732
525,890	28,732
525,992	28,732
526,094	28,732
526,196	28,732
526,298	28,732
526,400	28,732
526,502	28,732
526,604	28,732
526,706	28,732
526,808	28,732
526,910	28,732
527,012	28,731
527,114	28,731
527,216	28,730
527,318	28,730
527,420	28,730
527,522	28,729
527,624	28,729
527,726	28,729
527,828	28,729
527,930	28,729
528,032	28,730
528,134	28,730
528,236	28,731
528,338	28,731
528,440	28,731
528,542	28,731
528,644	28,731
528,746	28,732
528,848	28,732
528,950	28,731
529,052	28,731
529,154	28,731
529,256	28,730
529,358	28,730
529,460	28,730
529,562	28,730
529,664	28,730
529,766	28,729
529,868	28,729
529,970	28,728
530,072	28,728
530,174	28,728
530,276	28,727
530,378	28,727
530,480	28,728
530,582	28,728
530,684	28,728
530,786	28,728
530,888	28,728
530,990	28,727
531,092	28,727
531,194	28,727
531,296	28,727
531,398	28,727
531,500	28,727
531,602	28,727
531,704	28,728
531,806	28,728
531,908	28,728
532,010	28,728
532,112	28,728
532,214	28,727
532,316	28,727
532,418	28,727
532,520	28,726
532,622	28,726
532,724	28,726
532,826	28,726
532,928	28,726
533,030	28,726
533,132	28,726
533,234	28,725
533,337	28,725
533,439	28,725
533,541	28,725
533,643	28,725
533,745	28,726
533,847	28,726
533,949	28,726
534,051	28,726
534,153	28,726
534,255	28,726
534,357	28,726
534,459	28,726
534,561	28,726
534,663	28,726
534,765	28,726
534,867	28,726
534,969	28,726
535,071	28,726
535,173	28,726
535,275	28,726
535,377	28,726
535,478	28,725
535,580	28,725
535,682	28,725
535,784	28,725
535,886	28,725
535,988	28,723
536,090	28,723
536,192	28,723
536,294	28,722
536,396	28,722
536,498	28,722
536,600	28,722
536,702	28,722
536,804	28,721
536,906	28,721
537,008	28,720
537,110	28,720
537,212	28,720
537,314	28,720
537,416	28,720
537,518	28,720
537,620	28,720
537,722	28,720
537,824	28,720
537,926	28,720
538,028	28,720
538,130	28,720
538,232	28,720
538,334	28,720
538,436	28,720
538,538	28,719
538,640	28,719
538,742	28,720
538,844	28,720
538,946	28,720
539,048	28,720
539,150	28,720
539,252	28,720
539,354	28,720
539,456	28,720
539,558	28,720
539,660	28,720
539,762	28,721
539,864	28,721
539,966	28,721
540,068	28,721
540,170	28,721
540,272	28,722
540,374	28,722
540,476	28,722
540,578	28,723
540,680	28,723
540,782	28,723
540,884	28,723
540,986	28,723
541,088	28,722
541,190	28,722
541,292	28,723
541,394	28,723
541,496	28,723
541,598	28,723
541,700	28,723
541,802	28,724
541,904	28,724
542,006	28,723
542,108	28,723
542,210	28,723
542,312	28,722
542,414	28,722
542,516	28,722
542,618	28,722
542,720	28,722
542,822	28,722
542,924	28,722
543,026	28,723
543,128	28,723
543,230	28,723
543,332	28,722
543,434	28,722
543,536	28,722
543,638	28,722
543,740	28,722
543,842	28,722
543,944	28,722
544,046	28,723
544,148	28,723
544,250	28,723
544,352	28,723
544,454	28,723
544,556	28,725
544,658	28,725
544,760	28,725
544,862	28,725
544,964	28,725
545,066	28,725
545,168	28,725
545,270	28,726
545,372	28,726
545,474	28,726
545,576	28,726
545,678	28,726
545,780	28,727
545,882	28,727
545,984	28,727
546,086	28,726
546,188	28,726
546,290	28,725
546,392	28,725
546,494	28,725
546,596	28,725
546,698	28,725
546,800	28,725
546,902	28,725
547,004	28,725
547,106	28,726
547,208	28,726
547,310	28,725
547,412	28,725
547,514	28,725
547,616	28,724
547,718	28,724
547,820	28,724
547,922	28,724
548,024	28,725
548,126	28,725
548,228	28,725
548,330	28,725
548,432	28,725
548,534	28,724
548,636	28,724
548,738	28,724
548,840	28,724
548,942	28,724
549,044	28,725
549,146	28,725
549,248	28,725
549,350	28,726
549,452	28,726
549,554	28,726
549,656	28,726
549,758	28,726
549,860	28,727
549,962	28,727
550,064	28,727
550,166	28,727
550,268	28,727
550,370	28,727
550,472	28,727
550,574	28,726
550,676	28,726
550,779	28,726
550,881	28,726
550,983	28,726
551,085	28,725
551,187	28,725
551,289	28,724
551,391	28,724
551,493	28,724
551,595	28,723
551,697	28,723
551,799	28,722
551,901	28,722
552,003	28,722
552,105	28,722
552,207	28,722
552,309	28,722
552,411	28,722
552,513	28,722
552,615	28,722
552,717	28,722
552,819	28,722
552,920	28,722
553,022	28,722
553,124	28,722
553,226	28,722
553,328	28,722
553,430	28,722
553,532	28,722
553,634	28,722
553,736	28,722
553,838	28,721
553,940	28,721
554,042	28,721
554,144	28,721
554,246	28,721
554,348	28,721
554,450	28,721
554,552	28,722
554,654	28,722
554,756	28,722
554,858	28,722
554,960	28,722
555,062	28,721
555,164	28,721
555,266	28,721
555,368	28,721
555,470	28,721
555,572	28,721
555,674	28,721
555,776	28,721
555,878	28,720
555,980	28,720
556,082	28,720
556,184	28,720
556,286	28,720
556,388	28,719
556,490	28,719
556,592	28,718
556,694	28,718
556,796	28,718
556,898	28,718
557,000	28,718
557,102	28,719
557,204	28,719
557,306	28,718
557,408	28,718
557,510	28,718
557,612	28,718
557,714	28,718
557,816	28,718
557,918	28,718
558,020	28,718
558,122	28,719
558,224	28,719
558,326	28,720
558,428	28,720
558,530	28,720
558,632	28,719
558,734	28,719
558,836	28,718
558,938	28,718
559,040	28,718
559,142	28,718
559,244	28,718
559,346	28,718
559,448	28,718
559,550	28,718
559,652	28,716
559,754	28,716
559,856	28,716
559,958	28,716
560,060	28,716
560,162	28,717
560,264	28,717
560,366	28,717
560,468	28,717
560,570	28,717
560,672	28,717
560,774	28,717
560,876	28,718
560,978	28,718
561,080	28,718
561,182	28,718
561,284	28,718
561,386	28,718
561,488	28,718
561,590	28,717
561,692	28,717
561,794	28,717
561,896	28,716
561,998	28,716
562,100	28,716
562,202	28,716
562,304	28,716
562,406	28,716
562,508	28,716
562,610	28,715
562,712	28,715
562,814	28,715
562,916	28,714
563,018	28,714
563,120	28,714
563,222	28,714
563,324	28,714
563,426	28,713
563,528	28,713
563,630	28,713
563,732	28,713
563,834	28,714
563,936	28,714
564,038	28,714
564,140	28,713
564,242	28,713
564,344	28,713
564,446	28,713
564,548	28,713
564,650	28,713
564,752	28,713
564,854	28,712
564,956	28,712
565,058	28,712
565,160	28,713
565,262	28,713
565,364	28,714
565,466	28,714
565,568	28,714
565,670	28,713
565,772	28,713
565,874	28,712
565,976	28,712
566,078	28,712
566,180	28,711
566,282	28,711
566,384	28,712
566,486	28,712
566,588	28,712
566,690	28,712
566,792	28,712
566,894	28,714
566,996	28,714
567,098	28,714
567,200	28,714
567,302	28,714
567,404	28,714
567,506	28,714
567,608	28,714
567,710	28,714
567,812	28,714
567,914	28,714
568,016	28,714
568,118	28,715
568,220	28,715
568,323	28,715
568,425	28,717
568,527	28,717
568,629	28,717
568,731	28,717
568,833	28,717
568,935	28,717
569,037	28,717
569,139	28,716
569,241	28,716
569,343	28,716
569,445	28,716
569,547	28,716
569,649	28,716
569,751	28,716
569,853	28,716
569,955	28,717
570,057	28,717
570,159	28,718
570,261	28,718
570,362	28,718
570,464	28,718
570,566	28,718
570,668	28,718
570,770	28,718
570,872	28,718
570,974	28,718
571,076	28,718
571,178	28,716
571,280	28,716
571,382	28,715
571,484	28,715
571,586	28,715
571,688	28,714
571,790	28,714
571,892	28,714
571,994	28,714
572,096	28,714
572,198	28,714
572,300	28,714
572,402	28,714
572,504	28,714
572,606	28,714
572,708	28,714
572,810	28,714
572,912	28,714
573,014	28,714
573,116	28,715
573,218	28,715
573,320	28,715
573,422	28,715
573,524	28,715
573,626	28,715
573,728	28,715
573,830	28,715
573,932	28,715
574,034	28,715
574,136	28,715
574,238	28,715
574,340	28,715
574,442	28,714
574,544	28,714
574,646	28,714
574,748	28,714
574,850	28,714
574,952	28,713
575,054	28,713
575,156	28,712
575,258	28,712
575,360	28,712
575,462	28,711
575,564	28,711
575,666	28,711
575,768	28,711
575,870	28,711
575,972	28,712
576,074	28,712
576,176	28,712
576,278	28,712
576,380	28,712
576,482	28,712
576,584	28,712
576,686	28,712
576,788	28,712
576,890	28,712
576,992	28,712
577,094	28,712
577,196	28,712
577,298	28,712
577,400	28,712
577,502	28,712
577,604	28,712
577,706	28,713
577,808	28,713
577,910	28,713
578,012	28,713
578,114	28,713
578,216	28,713
578,318	28,713
578,420	28,714
578,522	28,714
578,624	28,714
578,726	28,714
578,828	28,714
578,930	28,713
579,032	28,713
579,134	28,713
579,236	28,713
579,338	28,713
579,440	28,713
579,542	28,713
579,644	28,713
579,746	28,712
579,848	28,712
579,950	28,712
580,052	28,712
580,154	28,713
580,256	28,713
580,358	28,713
580,460	28,713
580,562	28,713
580,664	28,713
580,766	28,713
580,868	28,713
580,970	28,714
581,072	28,714
581,174	28,714
581,276	28,714
581,378	28,714
581,480	28,713
581,582	28,713
581,684	28,713
581,786	28,713
581,888	28,713
581,990	28,713
582,092	28,713
582,194	28,713
582,296	28,713
582,398	28,713
582,500	28,715
582,602	28,715
582,704	28,714
582,806	28,714
582,908	28,714
583,010	28,713
583,112	28,713
583,214	28,713
583,316	28,713
583,418	28,714
583,520	28,714
583,622	28,714
583,724	28,713
583,826	28,713
583,928	28,712
584,030	28,712
584,132	28,712
584,234	28,712
584,336	28,712
584,438	28,712
584,540	28,712
584,642	28,712
584,744	28,713
584,846	28,713
584,948	28,713
585,050	28,713
585,152	28,713
585,254	28,713
585,356	28,713
585,458	28,713
585,560	28,713
585,662	28,713
585,765	28,714
585,867	28,714
585,969	28,715
586,071	28,715
586,173	28,715
586,275	28,715
586,377	28,715
586,479	28,715
586,581	28,715
586,683	28,714
586,785	28,714
586,887	28,714
586,989	28,712
587,091	28,712
587,193	28,710
587,295	28,710
587,397	28,710
587,499	28,709
587,601	28,709
587,703	28,708
587,805	28,708
587,906	28,708
588,008	28,708
588,110	28,708
588,212	28,707
588,314	28,707
588,416	28,707
588,518	28,706
588,620	28,706
588,722	28,705
588,824	28,705
588,926	28,705
589,028	28,705
589,130	28,705
589,232	28,705
589,334	28,705
589,436	28,705
589,538	28,706
589,640	28,706
589,742	28,707
589,844	28,707
589,946	28,706
590,048	28,706
590,150	28,706
590,252	28,706
590,354	28,706
590,456	28,705
590,558	28,705
590,660	28,705
590,762	28,705
590,864	28,705
590,966	28,706
591,068	28,706
591,170	28,706
591,272	28,707
591,374	28,707
591,476	28,707
591,578	28,707
591,680	28,707
591,782	28,707
591,884	28,707
591,986	28,707
592,088	28,707
592,190	28,707
592,292	28,707
592,394	28,707
592,496	28,707
592,598	28,707
592,700	28,708
592,802	28,708
592,904	28,708
593,006	28,709
593,108	28,709
593,210	28,709
593,312	28,709
593,414	28,709
593,516	28,709
593,618	28,709
593,720	28,708
593,822	28,708
593,924	28,708
594,026	28,708
594,128	28,708
594,230	28,708
594,332	28,708
594,434	28,708
594,536	28,708
594,638	28,708
594,740	28,708
594,842	28,708
594,944	28,708
595,046	28,707
595,148	28,707
595,250	28,709
595,352	28,709
595,454	28,709
595,556	28,710
595,658	28,710
595,760	28,709
595,862	28,709
595,964	28,708
596,066	28,708
596,168	28,708
596,270	28,708
596,372	28,708
596,474	28,708
596,576	28,708
596,678	28,708
596,780	28,708
596,882	28,708
596,984	28,709
597,086	28,709
597,188	28,709
597,290	28,709
597,392	28,709
597,494	28,709
597,596	28,709
597,697	28,709
597,798	28,707
597,899	28,707
598,000	28,707
598,102	28,707
598,204	28,707
598,306	28,705
598,408	28,705
598,510	28,704
598,612	28,704
598,714	28,704
598,816	28,704
598,918	28,704
599,020	28,704
599,122	28,704
599,224	28,704
599,326	28,704
599,428	28,704
599,530	28,704
599,632	28,704
599,734	28,705
599,836	28,705
599,938	28,705
600,040	28,706
600,142	28,706
600,244	28,706
600,346	28,706
600,448	28,706
600,550	28,705
600,652	28,705
600,754	28,704
600,856	28,704
600,958	28,704
601,060	28,704
601,162	28,704
601,264	28,704
601,366	28,704
601,468	28,704
601,570	28,704
601,672	28,704
601,774	28,703
601,876	28,703
601,978	28,703
602,080	28,702
602,182	28,702
602,284	28,702
602,386	28,702
602,488	28,702
602,590	28,702
602,692	28,702
602,794	28,702
602,896	28,702
602,998	28,703
603,100	28,703
603,203	28,703
603,305	28,704
603,407	28,704
603,509	28,703
603,611	28,703
603,713	28,703
603,815	28,702
603,917	28,702
604,019	28,701
604,121	28,701
604,223	28,701
604,325	28,701
604,427	28,701
604,529	28,701
604,631	28,701
604,733	28,701
604,835	28,702
604,937	28,702
605,039	28,703
605,141	28,703
605,243	28,703
605,344	28,703
605,446	28,703
605,548	28,704
605,650	28,704
605,752	28,704
605,854	28,705
605,956	28,705
606,058	28,705
606,160	28,705
606,262	28,706
606,364	28,706
606,466	28,706
606,569	28,707
606,670	28,707
606,772	28,707
606,874	28,707
606,976	28,707
607,078	28,708
607,180	28,708
607,282	28,707
607,384	28,707
607,486	28,707
607,588	28,707
607,690	28,707
607,792	28,706
607,894	28,706
607,996	28,706
608,098	28,707
608,200	28,707
608,302	28,709
608,404	28,709
608,506	28,709
608,608	28,710
608,710	28,710
608,812	28,710
608,914	28,710
609,016	28,710
609,118	28,710
609,220	28,710
609,322	28,709
609,424	28,709
609,526	28,710
609,628	28,710
609,730	28,710
609,832	28,711
609,934	28,711
610,036	28,711
610,138	28,711
610,240	28,711
610,342	28,711
610,444	28,711
610,546	28,711
610,648	28,711
610,750	28,711
610,852	28,711
610,954	28,711
611,056	28,711
611,158	28,711
611,260	28,711
611,362	28,711
611,464	28,711
611,566	28,710
611,668	28,710
611,770	28,710
611,872	28,710
611,974	28,710
612,076	28,710
612,178	28,710
612,280	28,710
612,382	28,709
612,484	28,709
612,586	28,708
612,688	28,708
612,790	28,708
612,892	28,708
612,994	28,708
613,096	28,710
613,198	28,710
613,300	28,711
613,402	28,711
613,504	28,711
613,606	28,710
613,708	28,710
613,810	28,708
613,912	28,708
614,014	28,708
614,116	28,707
614,218	28,707
614,320	28,707
614,422	28,707
614,524	28,707
614,626	28,708
614,728	28,708
614,830	28,707
614,932	28,707
615,034	28,707
615,136	28,706
615,238	28,706
615,340	28,706
615,442	28,706
615,544	28,705
615,646	28,705
615,748	28,705
615,850	28,705
615,952	28,705
616,054	28,705
616,156	28,705
616,258	28,705
616,360	28,705
616,462	28,705
616,564	28,706
616,666	28,706
616,768	28,706
616,870	28,707
616,972	28,707
617,074	28,707
617,176	28,707
617,278	28,707
617,380	28,706
617,482	28,706
617,584	28,706
617,686	28,706
617,788	28,706
617,890	28,706
617,992	28,706
618,094	28,707
618,196	28,707
618,298	28,707
618,400	28,706
618,502	28,706
618,604	28,706
618,706	28,706
618,808	28,706
618,910	28,706
619,012	28,706
619,114	28,705
619,216	28,705
619,318	28,704
619,420	28,704
619,522	28,704
619,624	28,704
619,726	28,704
619,828	28,705
619,930	28,705
620,032	28,705
620,134	28,704
620,236	28,704
620,338	28,704
620,440	28,704
620,542	28,704
620,644	28,704
620,747	28,704
620,849	28,704
620,957	28,704
621,061	28,704
621,163	28,705
621,265	28,705
621,367	28,705
621,469	28,705
621,571	28,705
621,673	28,705
621,775	28,705
621,877	28,704
621,979	28,704
622,081	28,703
622,183	28,703
622,285	28,703
622,387	28,703
622,489	28,703
622,591	28,704
622,693	28,704
622,795	28,704
622,896	28,703
622,998	28,703
623,100	28,702
623,202	28,702
623,304	28,702
623,406	28,702
623,508	28,702
623,610	28,702
623,712	28,702
623,814	28,702
623,916	28,702
624,018	28,702
624,120	28,702
624,222	28,702
624,324	28,702
624,426	28,703
624,528	28,703
624,630	28,704
624,732	28,704
624,834	28,704
624,936	28,704
625,038	28,704
625,140	28,704
625,242	28,704
625,344	28,703
625,446	28,703
625,548	28,703
625,650	28,703
