0,000	24,987
0,104	24,986
0,206	24,986
0,308	24,986
0,410	24,986
0,512	24,986
0,614	24,986
0,716	24,986
0,818	24,985
0,920	24,985
1,022	24,985
1,124	24,984
1,226	24,984
1,328	24,984
1,430	24,984
1,532	24,984
1,634	24,984
1,736	24,984
1,838	24,984
1,940	24,984
2,042	24,983
2,144	24,983
2,246	24,983
2,348	24,982
2,450	24,982
2,552	24,981
2,654	24,981
2,756	24,981
2,858	24,981
2,960	24,981
3,062	24,981
3,164	24,981
3,266	24,981
3,368	24,980
3,470	24,980
3,572	24,980
3,674	24,980
3,776	24,980
3,878	24,982
3,980	24,982
4,082	24,983
4,184	24,983
4,286	24,983
4,388	24,982
4,490	24,982
4,592	24,982
4,694	24,982
4,796	24,981
4,898	24,981
5,000	24,981
5,102	24,981
5,204	24,981
5,306	24,981
5,408	24,981
5,510	24,981
5,612	24,981
5,714	24,981
5,816	24,979
5,918	24,979
6,020	24,979
6,122	24,979
6,224	24,979
6,326	24,980
6,428	24,980
6,530	24,980
6,632	24,980
6,734	24,980
6,836	24,979
6,938	24,979
7,040	24,979
7,142	24,978
7,244	24,978
7,346	24,978
7,448	24,978
7,550	24,977
7,652	24,977
7,754	24,977
7,856	24,976
7,958	24,976
8,060	24,976
8,162	24,976
8,264	24,976
8,366	24,974
8,468	24,974
8,570	24,973
8,672	24,973
8,775	24,973
8,877	24,974
8,979	24,974
9,081	24,975
9,183	24,975
9,285	24,975
9,387	24,975
9,489	24,975
9,591	24,975
9,693	24,975
9,795	24,975
9,897	24,974
9,999	24,974
10,101	24,972
10,203	24,972
10,305	24,972
10,407	24,971
10,509	24,971
10,611	24,972
10,713	24,972
10,815	24,972
10,917	24,972
11,019	24,972
11,121	24,972
11,223	24,972
11,325	24,972
11,427	24,972
11,529	24,972
11,631	24,972
11,733	24,972
11,835	24,972
11,937	24,972
12,039	24,972
12,141	24,971
12,243	24,971
12,345	24,971
12,447	24,971
12,549	24,971
12,651	24,971
12,753	24,971
12,855	24,971
12,957	24,971
13,059	24,971
13,161	24,971
13,263	24,971
13,365	24,971
13,467	24,971
13,569	24,971
13,671	24,972
13,773	24,972
13,875	24,973
13,977	24,973
14,079	24,973
14,181	24,973
14,283	24,973
14,385	24,974
14,487	24,974
14,589	24,974
14,691	24,974
14,793	24,974
14,895	24,973
14,997	24,973
15,099	24,973
15,201	24,973
15,303	24,973
15,405	24,971
15,507	24,971
15,609	24,971
15,711	24,971
15,813	24,971
15,915	24,972
16,016	24,972
16,118	24,973
16,220	24,973
16,322	24,973
16,424	24,974
16,526	24,974
16,628	24,974
16,730	24,974
16,832	24,974
16,934	24,974
17,036	24,974
17,138	24,974
17,240	24,974
17,342	24,974
17,444	24,974
17,546	24,974
17,648	24,973
17,750	24,973
17,852	24,974
17,954	24,974
18,056	24,974
18,158	24,975
18,260	24,975
18,361	24,976
18,462	24,976
18,564	24,976
18,666	24,975
18,768	24,975
18,870	24,975
18,972	24,975
19,074	24,975
19,176	24,975
19,278	24,975
19,380	24,976
19,482	24,976
19,584	24,976
19,686	24,977
19,788	24,977
19,890	24,977
19,992	24,977
20,094	24,977
20,196	24,978
20,298	24,978
20,400	24,978
20,502	24,978
20,604	24,978
20,706	24,978
20,808	24,978
20,910	24,978
21,012	24,978
21,114	24,978
21,216	24,978
21,318	24,978
21,420	24,977
21,522	24,977
21,624	24,976
21,726	24,976
21,828	24,976
21,930	24,976
22,032	24,976
22,134	24,976
22,236	24,976
22,338	24,976
22,440	24,977
22,542	24,977
22,644	24,976
22,746	24,976
22,848	24,976
22,950	24,976
23,052	24,976
23,154	24,976
23,256	24,976
23,358	24,976
23,460	24,975
23,562	24,975
23,664	24,975
23,766	24,975
23,868	24,974
23,970	24,974
24,072	24,974
24,174	24,975
24,276	24,975
24,378	24,975
24,480	24,975
24,582	24,975
24,684	24,975
24,786	24,975
24,888	24,974
24,990	24,974
25,092	24,974
25,194	24,974
25,296	24,974
25,398	24,974
25,500	24,974
25,602	24,974
25,704	24,976
25,806	24,976
25,908	24,976
26,010	24,976
26,112	24,976
26,214	24,976
26,317	24,976
26,419	24,976
26,521	24,976
26,623	24,977
26,725	24,977
26,827	24,977
26,929	24,977
27,031	24,977
27,133	24,977
27,235	24,977
27,337	24,977
27,439	24,977
27,541	24,977
27,643	24,977
27,745	24,977
27,847	24,977
27,949	24,977
28,051	24,977
28,153	24,976
28,255	24,976
28,357	24,976
28,459	24,976
28,561	24,976
28,663	24,975
28,765	24,975
28,867	24,975
28,969	24,974
29,071	24,974
29,173	24,974
29,275	24,974
29,377	24,974
29,479	24,974
29,581	24,974
29,683	24,975
29,785	24,975
29,887	24,975
29,989	24,973
30,091	24,973
30,193	24,973
30,295	24,973
30,397	24,974
30,499	24,974
30,601	24,974
30,703	24,974
30,805	24,974
30,907	24,974
31,009	24,974
31,111	24,974
31,213	24,973
31,315	24,973
31,417	24,973
31,519	24,973
31,621	24,973
31,723	24,974
31,825	24,974
31,927	24,975
32,029	24,975
32,131	24,975
32,233	24,974
32,335	24,974
32,437	24,974
32,539	24,974
32,641	24,974
32,743	24,973
32,845	24,973
32,947	24,972
33,049	24,972
33,151	24,972
33,253	24,972
33,355	24,972
33,457	24,972
33,558	24,972
33,660	24,972
33,762	24,972
33,864	24,972
33,966	24,973
34,068	24,973
34,170	24,974
34,272	24,974
34,374	24,974
34,476	24,974
34,578	24,974
34,680	24,974
34,782	24,974
34,884	24,974
34,986	24,973
35,088	24,973
35,190	24,972
35,292	24,972
35,394	24,972
35,496	24,970
35,598	24,970
35,700	24,969
35,802	24,969
35,904	24,969
36,006	24,969
36,108	24,969
36,210	24,969
36,312	24,969
36,414	24,969
36,516	24,969
36,618	24,969
36,720	24,968
36,822	24,968
36,924	24,968
37,026	24,968
37,128	24,968
37,230	24,969
37,332	24,969
37,434	24,971
37,536	24,971
37,638	24,971
37,740	24,972
37,842	24,972
37,944	24,971
38,046	24,971
38,148	24,971
38,250	24,971
38,352	24,971
38,454	24,971
38,556	24,971
38,658	24,971
38,760	24,970
38,862	24,970
38,964	24,970
39,066	24,970
39,168	24,970
39,270	24,969
39,372	24,969
39,474	24,968
39,576	24,968
39,678	24,968
39,780	24,968
39,882	24,968
39,984	24,968
40,086	24,968
40,188	24,969
40,290	24,969
40,392	24,969
40,494	24,969
40,596	24,969
40,698	24,969
40,800	24,969
40,902	24,969
41,004	24,969
41,106	24,969
41,208	24,969
41,310	24,969
41,412	24,969
41,514	24,969
41,616	24,969
41,718	24,969
41,820	24,969
41,922	24,969
42,024	24,970
42,126	24,970
42,228	24,970
42,330	24,970
42,432	24,970
42,534	24,970
42,636	24,970
42,738	24,971
42,840	24,971
42,942	24,971
43,044	24,972
43,146	24,972
43,248	24,972
43,350	24,972
43,452	24,972
43,554	24,972
43,656	24,972
43,759	24,971
43,861	24,971
43,963	24,970
44,065	24,970
44,167	24,970
44,269	24,970
44,371	24,970
44,473	24,969
44,575	24,969
44,677	24,969
44,779	24,969
44,881	24,969
44,983	24,968
45,085	24,968
45,187	24,968
45,289	24,969
45,391	24,969
45,493	24,969
45,595	24,969
45,697	24,969
45,799	24,969
45,901	24,969
46,003	24,969
46,105	24,969
46,207	24,969
46,309	24,970
46,411	24,970
46,513	24,970
46,615	24,970
46,717	24,970
46,819	24,970
46,921	24,970
47,023	24,971
47,125	24,971
47,227	24,971
47,329	24,971
47,431	24,971
47,533	24,971
47,635	24,971
47,737	24,970
47,839	24,970
47,941	24,970
48,043	24,970
48,145	24,970
48,247	24,970
48,349	24,970
48,451	24,970
48,553	24,970
48,655	24,970
48,757	24,970
48,859	24,970
48,961	24,970
49,063	24,970
49,165	24,970
49,267	24,970
49,369	24,970
49,471	24,970
49,573	24,970
49,675	24,970
49,777	24,970
49,879	24,970
49,981	24,969
50,083	24,969
50,185	24,969
50,287	24,970
50,389	24,970
50,491	24,970
50,593	24,970
50,695	24,970
50,797	24,970
50,899	24,970
51,000	24,970
51,102	24,970
51,204	24,970
51,306	24,971
51,408	24,971
51,510	24,970
51,612	24,970
51,714	24,970
51,816	24,969
51,918	24,969
52,020	24,969
52,122	24,969
52,224	24,969
52,326	24,969
52,428	24,969
52,530	24,969
52,632	24,969
52,734	24,969
52,836	24,969
52,938	24,969
53,040	24,968
53,142	24,968
53,244	24,969
53,346	24,969
53,448	24,969
53,550	24,970
53,652	24,970
53,754	24,970
53,856	24,970
53,958	24,970
54,060	24,969
54,162	24,969
54,264	24,970
54,366	24,970
54,468	24,970
54,570	24,970
54,672	24,970
54,774	24,970
54,876	24,970
54,978	24,970
55,080	24,969
55,182	24,969
55,284	24,970
55,386	24,970
55,488	24,970
55,590	24,970
55,692	24,970
55,794	24,970
55,896	24,970
55,998	24,970
56,100	24,971
56,202	24,971
56,304	24,972
56,406	24,972
56,508	24,972
56,610	24,972
56,712	24,972
56,814	24,972
56,916	24,972
57,018	24,971
57,120	24,971
57,222	24,971
57,324	24,970
57,426	24,970
57,528	24,969
57,630	24,969
57,732	24,969
57,834	24,968
57,936	24,968
58,038	24,967
58,140	24,967
58,242	24,967
58,344	24,968
58,446	24,968
58,548	24,968
58,650	24,968
58,752	24,968
58,854	24,969
58,956	24,969
59,058	24,969
59,160	24,969
59,262	24,969
59,364	24,969
59,466	24,969
59,568	24,968
59,670	24,968
59,772	24,968
59,874	24,968
59,976	24,968
60,078	24,969
60,180	24,969
60,282	24,969
60,384	24,969
60,486	24,969
60,588	24,969
60,690	24,969
60,792	24,968
60,894	24,968
60,996	24,968
61,098	24,967
61,201	24,967
61,303	24,966
61,405	24,966
61,507	24,966
61,609	24,965
61,711	24,965
61,813	24,965
61,915	24,965
62,017	24,964
62,119	24,964
62,221	24,964
62,323	24,964
62,425	24,964
62,527	24,964
62,629	24,964
62,731	24,964
62,833	24,965
62,935	24,965
63,037	24,965
63,139	24,965
63,241	24,965
63,343	24,964
63,445	24,964
63,547	24,964
63,649	24,964
63,751	24,964
63,853	24,964
63,955	24,964
64,057	24,964
64,159	24,964
64,261	24,964
64,363	24,963
64,465	24,963
64,567	24,962
64,669	24,962
64,771	24,962
64,873	24,962
64,975	24,962
65,077	24,961
65,179	24,961
65,281	24,961
65,383	24,961
65,485	24,961
65,587	24,961
65,689	24,961
65,791	24,961
65,893	24,961
65,995	24,961
66,097	24,962
66,199	24,962
66,301	24,962
66,403	24,962
66,505	24,962
66,607	24,962
66,709	24,962
66,811	24,963
66,913	24,963
67,015	24,963
67,117	24,963
67,219	24,963
67,321	24,961
67,423	24,961
67,525	24,961
67,627	24,961
67,729	24,961
67,831	24,961
67,933	24,961
68,035	24,961
68,137	24,961
68,239	24,961
68,341	24,963
68,442	24,963
68,544	24,963
68,646	24,963
68,748	24,963
68,850	24,962
68,952	24,962
69,054	24,961
69,156	24,961
69,258	24,961
69,360	24,960
69,462	24,960
69,564	24,960
69,666	24,960
69,768	24,960
69,870	24,960
69,972	24,960
70,074	24,961
70,176	24,961
70,278	24,961
70,380	24,961
70,482	24,961
70,584	24,960
70,686	24,960
70,788	24,960
70,890	24,959
70,992	24,959
71,094	24,958
71,196	24,958
71,298	24,958
71,400	24,958
71,502	24,958
71,604	24,959
71,706	24,959
71,808	24,959
71,910	24,961
72,012	24,961
72,114	24,962
72,216	24,962
72,318	24,962
72,420	24,963
72,522	24,963
72,624	24,962
72,726	24,962
72,828	24,963
72,930	24,963
73,032	24,963
73,134	24,962
73,236	24,962
73,338	24,961
73,440	24,961
73,542	24,961
73,644	24,962
73,746	24,962
73,848	24,963
73,950	24,963
74,052	24,963
74,154	24,963
74,256	24,963
74,358	24,962
74,460	24,962
74,562	24,962
74,664	24,962
74,766	24,962
74,868	24,961
74,970	24,961
75,072	24,961
75,174	24,961
75,276	24,961
75,378	24,961
75,480	24,961
75,582	24,961
75,684	24,961
75,786	24,961
75,888	24,961
75,990	24,961
76,092	24,960
76,194	24,960
76,296	24,960
76,398	24,960
76,500	24,960
76,602	24,960
76,704	24,960
76,806	24,960
76,908	24,961
77,010	24,961
77,113	24,960
77,214	24,960
77,316	24,960
77,418	24,961
77,520	24,961
77,622	24,961
77,724	24,961
77,826	24,961
77,928	24,961
78,030	24,961
78,132	24,962
78,234	24,962
78,336	24,962
78,438	24,962
78,540	24,962
78,642	24,962
78,745	24,962
78,847	24,962
78,949	24,962
79,051	24,962
79,153	24,962
79,255	24,962
79,357	24,962
79,458	24,962
79,560	24,962
79,660	24,962
79,760	24,962
79,860	24,962
79,960	24,962
80,062	24,962
80,164	24,962
80,265	24,962
80,367	24,962
80,469	24,962
80,571	24,962
80,673	24,962
80,775	24,962
80,877	24,961
80,979	24,961
81,081	24,961
81,183	24,961
81,285	24,961
81,387	24,961
81,489	24,961
81,591	24,961
81,693	24,963
81,795	24,963
81,897	24,965
81,999	24,965
82,101	24,965
82,203	24,965
82,305	24,965
82,407	24,964
82,509	24,964
82,611	24,963
82,713	24,963
82,815	24,963
82,917	24,962
83,019	24,962
83,121	24,962
83,223	24,962
83,325	24,962
83,427	24,962
83,529	24,962
83,631	24,963
83,733	24,963
83,835	24,963
83,937	24,963
84,039	24,963
84,141	24,962
84,243	24,962
84,345	24,962
84,450	24,961
84,551	24,961
84,653	24,961
84,755	24,961
84,857	24,961
84,959	24,962
85,061	24,962
85,163	24,963
85,265	24,963
85,367	24,963
85,469	24,963
85,571	24,963
85,673	24,962
85,775	24,962
85,877	24,961
85,978	24,961
86,080	24,961
86,182	24,959
86,285	24,959
86,387	24,958
86,489	24,958
86,591	24,958
86,693	24,959
86,795	24,959
86,897	24,960
86,999	24,960
87,101	24,960
87,203	24,961
87,305	24,961
87,407	24,962
87,509	24,962
87,611	24,962
87,713	24,962
87,815	24,962
87,917	24,961
88,019	24,961
88,121	24,961
88,223	24,961
88,325	24,961
88,427	24,961
88,529	24,961
88,631	24,961
88,733	24,963
88,835	24,963
88,937	24,964
89,039	24,964
89,141	24,963
89,243	24,963
89,345	24,963
89,447	24,963
89,549	24,963
89,651	24,963
89,753	24,963
89,855	24,963
89,957	24,962
90,059	24,962
90,161	24,963
90,263	24,963
90,365	24,963
90,467	24,963
90,569	24,963
90,671	24,964
90,773	24,964
90,875	24,964
90,977	24,963
91,079	24,963
91,181	24,962
91,283	24,962
91,385	24,962
91,487	24,962
91,589	24,962
91,691	24,961
91,793	24,961
91,895	24,961
91,997	24,961
92,099	24,961
92,201	24,962
92,303	24,962
92,405	24,962
92,507	24,962
92,609	24,962
92,711	24,961
92,813	24,961
92,915	24,961
93,017	24,961
93,119	24,961
93,221	24,962
93,323	24,962
93,425	24,963
93,527	24,963
93,629	24,963
93,731	24,964
93,833	24,964
93,934	24,965
94,034	24,965
94,136	24,965
94,238	24,967
94,340	24,967
94,442	24,967
94,544	24,967
94,646	24,967
94,748	24,965
94,850	24,965
94,952	24,964
95,054	24,964
95,156	24,962
95,258	24,962
95,360	24,962
95,462	24,962
95,564	24,962
95,666	24,962
95,768	24,962
95,870	24,962
95,972	24,963
96,074	24,963
96,177	24,963
96,279	24,963
96,381	24,963
96,483	24,963
96,585	24,963
96,687	24,962
96,789	24,962
96,891	24,962
96,993	24,962
97,095	24,962
97,197	24,962
97,299	24,962
97,401	24,962
97,503	24,961
97,605	24,961
97,707	24,961
97,809	24,961
97,909	24,961
98,018	24,961
98,120	24,961
98,222	24,963
98,324	24,963
98,426	24,962
98,528	24,962
98,630	24,962
98,732	24,961
98,834	24,961
98,936	24,960
99,038	24,960
99,140	24,960
99,242	24,961
99,344	24,961
99,446	24,961
99,548	24,961
99,650	24,961
99,752	24,961
99,854	24,961
99,956	24,961
100,058	24,961
100,160	24,961
100,262	24,962
100,364	24,962
100,466	24,963
100,568	24,963
100,670	24,963
100,772	24,964
100,874	24,964
100,976	24,963
101,078	24,963
101,180	24,962
101,282	24,962
101,384	24,962
101,486	24,961
101,588	24,961
101,690	24,962
101,796	24,962
101,897	24,962
101,997	24,963
102,097	24,963
102,197	24,964
102,297	24,964
102,397	24,964
102,497	24,965
102,597	24,965
102,697	24,966
102,797	24,966
102,897	24,966
102,997	24,966
103,097	24,966
103,197	24,965
103,297	24,965
103,397	24,965
103,496	24,965
103,596	24,965
103,696	24,963
103,796	24,963
103,896	24,963
103,996	24,962
104,098	24,962
104,200	24,961
104,302	24,961
104,404	24,961
104,506	24,960
104,608	24,960
104,710	24,960
104,812	24,960
104,914	24,960
105,016	24,959
105,118	24,959
105,220	24,959
105,322	24,959
105,424	24,959
105,526	24,960
105,628	24,960
105,730	24,960
105,832	24,960
105,934	24,960
106,036	24,959
106,138	24,959
106,240	24,958
106,342	24,958
106,444	24,958
106,546	24,958
106,648	24,958
106,750	24,958
106,852	24,958
106,954	24,958
107,056	24,959
107,158	24,959
107,260	24,959
107,362	24,959
107,464	24,959
107,566	24,959
107,668	24,959
107,770	24,960
107,872	24,960
107,974	24,959
108,076	24,959
108,178	24,959
108,280	24,959
108,382	24,959
108,484	24,960
108,586	24,960
108,688	24,960
108,790	24,959
108,892	24,959
108,994	24,959
109,096	24,959
109,198	24,959
109,300	24,960
109,402	24,960
109,504	24,960
109,606	24,960
109,708	24,960
109,810	24,961
109,912	24,961
110,014	24,961
110,116	24,961
110,218	24,961
110,320	24,959
110,422	24,959
110,524	24,959
110,626	24,959
110,728	24,960
110,830	24,960
110,932	24,960
111,034	24,960
111,136	24,960
111,238	24,961
111,340	24,961
111,442	24,961
111,544	24,962
111,646	24,962
111,748	24,962
111,850	24,962
111,952	24,962
112,054	24,962
112,156	24,962
112,258	24,963
112,360	24,963
112,462	24,963
112,564	24,963
112,666	24,963
112,768	24,963
112,870	24,963
112,972	24,963
113,074	24,962
113,176	24,962
113,278	24,962
113,380	24,962
113,482	24,962
113,584	24,963
113,687	24,963
113,789	24,964
113,891	24,964
113,993	24,963
114,095	24,963
114,197	24,963
114,299	24,963
114,401	24,963
114,503	24,963
114,605	24,963
114,707	24,963
114,809	24,963
114,911	24,963
115,013	24,963
115,115	24,963
115,217	24,963
115,319	24,963
115,421	24,963
115,523	24,962
115,625	24,962
115,727	24,962
115,829	24,962
115,931	24,962
116,033	24,961
116,135	24,961
116,237	24,961
116,339	24,961
116,441	24,961
116,543	24,961
116,645	24,961
116,747	24,961
116,849	24,960
116,951	24,960
117,053	24,961
117,155	24,961
117,257	24,960
117,359	24,960
117,461	24,960
117,563	24,960
117,664	24,960
117,764	24,960
117,865	24,960
117,967	24,960
118,069	24,959
118,171	24,959
118,273	24,959
118,375	24,959
118,477	24,959
118,579	24,960
118,681	24,960
118,783	24,961
118,885	24,961
118,987	24,961
119,089	24,961
119,191	24,961
119,293	24,961
119,395	24,961
119,497	24,961
119,599	24,959
119,701	24,959
119,803	24,959
119,905	24,959
120,007	24,959
120,109	24,959
120,211	24,959
120,313	24,959
120,422	24,959
120,524	24,960
120,626	24,960
120,729	24,960
120,830	24,960
120,932	24,960
121,034	24,961
121,136	24,961
121,238	24,961
121,340	24,963
121,442	24,963
121,544	24,963
121,646	24,963
121,748	24,963
121,850	24,963
121,952	24,963
122,054	24,962
122,156	24,962
122,258	24,962
122,360	24,963
122,465	24,963
122,566	24,963
122,666	24,963
122,768	24,963
122,870	24,963
122,972	24,963
123,074	24,963
123,176	24,963
123,278	24,963
123,380	24,963
123,482	24,963
123,584	24,963
123,686	24,963
123,788	24,962
123,890	24,962
123,992	24,962
124,094	24,961
124,196	24,961
124,298	24,961
124,400	24,961
124,502	24,961
124,604	24,961
124,706	24,961
124,808	24,961
124,910	24,961
125,012	24,961
125,114	24,962
125,216	24,962
125,318	24,961
125,420	24,961
125,522	24,961
125,624	24,961
125,726	24,961
125,828	24,961
125,930	24,961
126,032	24,961
126,134	24,961
126,236	24,961
126,338	24,960
126,440	24,960
126,542	24,960
126,644	24,960
126,746	24,960
126,848	24,960
126,950	24,960
127,052	24,960
127,154	24,960
127,256	24,960
127,358	24,960
127,460	24,960
127,562	24,961
127,664	24,961
127,766	24,961
127,868	24,961
127,970	24,961
128,072	24,962
128,174	24,962
128,276	24,962
128,378	24,962
128,480	24,962
128,582	24,962
128,684	24,962
128,786	24,962
128,888	24,962
128,990	24,962
129,092	24,962
129,194	24,962
129,296	24,962
129,398	24,961
129,500	24,961
129,602	24,961
129,704	24,961
129,806	24,962
129,908	24,962
130,010	24,962
130,112	24,961
130,214	24,961
130,316	24,961
130,418	24,961
130,520	24,961
130,622	24,960
130,724	24,960
130,826	24,959
130,928	24,959
131,030	24,959
131,133	24,958
131,235	24,958
131,337	24,959
131,439	24,959
131,541	24,959
131,643	24,960
131,745	24,960
131,847	24,960
131,949	24,960
132,051	24,960
132,153	24,961
132,255	24,961
132,357	24,961
132,459	24,961
132,561	24,961
132,663	24,962
132,765	24,962
132,867	24,962
132,969	24,962
133,071	24,961
133,173	24,961
133,275	24,961
133,377	24,961
133,479	24,961
133,581	24,961
133,683	24,961
133,785	24,961
133,887	24,961
133,989	24,961
134,091	24,961
134,193	24,961
134,295	24,961
134,397	24,961
134,499	24,961
134,601	24,960
134,703	24,960
134,805	24,960
134,907	24,960
135,009	24,960
135,111	24,960
135,213	24,960
135,315	24,960
135,417	24,960
135,519	24,960
135,621	24,960
135,723	24,960
135,825	24,960
135,927	24,960
136,029	24,960
136,131	24,961
136,233	24,961
136,335	24,961
136,437	24,961
136,539	24,961
136,641	24,960
136,743	24,960
136,845	24,959
136,947	24,959
137,049	24,959
137,151	24,959
137,253	24,959
137,355	24,958
137,457	24,958
137,559	24,958
137,661	24,958
137,763	24,958
137,865	24,957
137,967	24,957
138,069	24,957
138,171	24,956
138,273	24,956
138,375	24,955
138,477	24,955
138,579	24,954
138,681	24,954
138,783	24,954
138,885	24,954
138,987	24,954
139,089	24,954
139,191	24,954
139,293	24,954
139,395	24,955
139,497	24,955
139,599	24,955
139,701	24,955
139,803	24,955
139,905	24,956
140,007	24,956
140,109	24,956
140,211	24,956
140,313	24,956
140,415	24,955
140,517	24,955
140,619	24,954
140,721	24,954
140,823	24,954
140,925	24,954
141,027	24,954
141,129	24,955
141,231	24,955
141,333	24,955
141,435	24,955
141,537	24,955
141,639	24,956
141,741	24,956
141,843	24,957
141,945	24,957
142,047	24,957
142,149	24,957
142,251	24,957
142,353	24,957
142,455	24,957
142,557	24,957
142,659	24,957
142,761	24,957
142,863	24,957
142,965	24,957
143,067	24,957
143,169	24,956
143,271	24,956
143,373	24,956
143,475	24,956
143,577	24,956
143,679	24,955
143,781	24,955
143,883	24,955
143,985	24,955
144,087	24,955
144,189	24,956
144,291	24,956
144,393	24,956
144,495	24,956
144,597	24,956
144,699	24,957
144,801	24,957
144,903	24,957
145,005	24,957
145,107	24,957
145,209	24,958
145,311	24,958
145,413	24,958
145,515	24,958
145,617	24,958
145,719	24,958
145,821	24,958
145,923	24,959
146,025	24,959
146,127	24,959
146,229	24,959
146,331	24,959
146,433	24,958
146,535	24,958
146,637	24,958
146,739	24,958
146,841	24,958
146,943	24,957
147,045	24,957
147,147	24,957
147,249	24,957
147,351	24,957
147,453	24,956
147,555	24,956
147,657	24,956
147,759	24,956
147,861	24,956
147,963	24,956
148,065	24,956
148,167	24,956
148,269	24,956
148,371	24,956
148,473	24,956
148,575	24,956
148,677	24,956
148,777	24,956
148,877	24,956
148,977	24,957
149,078	24,957
149,180	24,956
149,281	24,956
149,382	24,956
149,483	24,956
149,584	24,956
149,684	24,957
149,784	24,957
149,885	24,958
149,986	24,958
150,087	24,958
150,187	24,959
150,288	24,959
150,388	24,959
150,488	24,959
150,588	24,959
150,688	24,959
150,789	24,959
150,889	24,959
150,989	24,959
151,090	24,959
151,190	24,960
151,291	24,960
151,393	24,960
151,495	24,960
151,597	24,960
151,699	24,958
151,801	24,958
151,903	24,958
152,005	24,958
152,107	24,958
152,209	24,958
152,311	24,958
152,413	24,958
152,515	24,958
152,617	24,958
152,719	24,957
152,821	24,957
152,923	24,957
153,025	24,957
153,127	24,957
153,229	24,956
153,331	24,956
153,433	24,956
153,535	24,956
153,637	24,956
153,739	24,955
153,841	24,955
153,942	24,955
154,042	24,955
154,143	24,955
154,245	24,955
154,346	24,955
154,448	24,954
154,549	24,954
154,649	24,954
154,749	24,955
154,851	24,955
154,952	24,955
155,052	24,955
155,154	24,956
155,256	24,956
155,358	24,956
155,460	24,955
155,562	24,955
155,664	24,955
155,766	24,955
155,867	24,955
155,969	24,955
156,071	24,955
156,173	24,955
156,275	24,955
156,377	24,955
156,479	24,956
156,581	24,956
156,681	24,956
156,782	24,956
156,885	24,956
156,987	24,956
157,089	24,956
157,191	24,956
157,293	24,956
157,395	24,956
157,497	24,956
157,599	24,956
157,701	24,955
157,803	24,955
157,905	24,955
158,007	24,955
158,109	24,955
158,211	24,955
158,313	24,955
158,415	24,955
158,517	24,955
158,619	24,955
158,721	24,956
158,823	24,956
158,929	24,955
159,030	24,955
159,131	24,955
159,233	24,955
159,335	24,955
159,437	24,954
159,539	24,954
159,641	24,954
159,743	24,954
159,845	24,954
159,947	24,954
160,049	24,954
160,151	24,954
160,253	24,953
160,355	24,953
160,457	24,953
160,559	24,953
160,661	24,953
160,763	24,953
160,865	24,953
160,967	24,955
161,069	24,955
161,189	24,956
161,289	24,956
161,389	24,956
161,489	24,956
161,589	24,956
161,689	24,956
161,792	24,956
161,892	24,956
161,993	24,955
162,095	24,955
162,197	24,955
162,299	24,955
162,401	24,955
162,503	24,956
162,605	24,956
162,707	24,956
162,809	24,956
162,911	24,956
163,013	24,955
163,115	24,955
163,217	24,955
163,319	24,955
163,421	24,955
163,523	24,956
163,625	24,956
163,727	24,956
163,829	24,956
163,931	24,956
164,033	24,954
164,135	24,954
164,237	24,954
164,339	24,954
164,441	24,954
164,543	24,953
164,645	24,953
164,747	24,952
164,849	24,952
164,951	24,953
165,053	24,953
165,155	24,953
165,257	24,954
165,359	24,954
165,461	24,955
165,563	24,955
165,665	24,955
165,767	24,954
165,869	24,954
165,971	24,953
166,073	24,953
166,176	24,953
166,278	24,953
166,380	24,953
166,482	24,954
166,584	24,954
166,686	24,954
166,788	24,954
166,890	24,954
166,992	24,953
167,094	24,953
167,196	24,953
167,298	24,953
167,400	24,953
167,502	24,952
167,604	24,952
167,706	24,953
167,808	24,953
167,910	24,953
168,012	24,953
168,114	24,953
168,216	24,953
168,318	24,953
168,420	24,953
168,522	24,952
168,624	24,952
168,726	24,952
168,828	24,952
168,928	24,952
169,028	24,952
169,128	24,952
169,229	24,953
169,330	24,953
169,432	24,953
169,533	24,952
169,635	24,952
169,737	24,953
169,839	24,953
169,941	24,953
170,043	24,952
170,145	24,952
170,247	24,953
170,349	24,953
170,451	24,953
170,553	24,953
170,655	24,953
170,757	24,952
170,859	24,952
170,961	24,952
171,063	24,952
171,165	24,952
171,267	24,952
171,369	24,952
171,471	24,952
171,573	24,952
171,675	24,952
171,777	24,952
171,879	24,952
171,981	24,952
172,083	24,952
172,185	24,952
172,287	24,952
172,389	24,952
172,491	24,952
172,593	24,952
172,695	24,952
172,797	24,952
172,899	24,952
173,001	24,952
173,103	24,952
173,205	24,952
173,307	24,952
173,408	24,952
173,510	24,952
173,612	24,952
173,714	24,952
173,816	24,953
173,918	24,953
174,020	24,954
174,122	24,954
174,224	24,954
174,326	24,955
174,428	24,955
174,530	24,955
174,632	24,955
174,734	24,955
174,836	24,955
174,938	24,955
175,040	24,955
175,142	24,955
175,244	24,954
175,346	24,954
175,448	24,954
175,550	24,953
175,652	24,953
175,754	24,952
175,856	24,952
175,958	24,952
176,060	24,952
176,162	24,952
176,264	24,952
176,366	24,952
176,468	24,952
176,570	24,952
176,672	24,952
176,774	24,951
176,876	24,951
176,978	24,951
177,080	24,952
177,181	24,952
177,283	24,953
177,385	24,953
177,487	24,953
177,589	24,952
177,691	24,952
177,793	24,952
177,895	24,952
177,997	24,952
178,099	24,952
178,201	24,952
178,303	24,951
178,405	24,951
178,507	24,950
178,609	24,950
178,711	24,950
178,812	24,949
178,914	24,949
179,016	24,950
179,118	24,950
179,220	24,950
179,322	24,950
179,424	24,950
179,526	24,951
179,628	24,951
179,730	24,951
179,832	24,952
179,934	24,952
180,042	24,952
180,143	24,952
180,244	24,952
180,345	24,952
180,445	24,952
180,545	24,951
180,645	24,951
180,745	24,951
180,845	24,951
180,945	24,951
181,046	24,951
181,148	24,951
181,250	24,951
181,352	24,951
181,454	24,951
181,556	24,950
181,658	24,950
181,760	24,950
181,862	24,950
181,964	24,950
182,066	24,950
182,168	24,950
182,270	24,950
182,372	24,950
182,474	24,950
182,576	24,950
182,678	24,950
182,780	24,950
182,882	24,950
182,984	24,950
183,086	24,950
183,188	24,950
183,290	24,950
183,392	24,950
183,494	24,950
183,597	24,951
183,699	24,951
183,801	24,951
183,903	24,951
184,005	24,951
184,107	24,951
184,209	24,951
184,311	24,950
184,413	24,950
184,515	24,950
184,617	24,949
184,719	24,949
184,821	24,949
184,923	24,949
185,025	24,949
185,127	24,950
185,229	24,950
185,331	24,949
185,433	24,949
185,535	24,950
185,637	24,950
185,739	24,950
185,841	24,950
185,943	24,950
186,045	24,951
186,147	24,951
186,249	24,951
186,351	24,950
186,453	24,950
186,555	24,949
186,657	24,949
186,759	24,949
186,861	24,949
186,963	24,949
187,065	24,949
187,167	24,949
187,269	24,949
187,371	24,949
187,473	24,949
187,575	24,949
187,677	24,949
187,779	24,949
187,881	24,949
187,981	24,949
188,082	24,950
188,182	24,950
188,283	24,950
188,385	24,952
188,487	24,952
188,589	24,952
188,691	24,952
188,793	24,952
188,895	24,952
188,996	24,952
189,098	24,952
189,200	24,952
189,302	24,952
189,404	24,952
189,506	24,952
189,608	24,952
189,710	24,952
189,812	24,952
189,914	24,952
190,016	24,952
190,118	24,951
190,220	24,951
190,322	24,951
190,424	24,951
190,526	24,951
190,628	24,950
190,730	24,950
190,831	24,949
190,933	24,949
191,035	24,949
191,137	24,950
191,239	24,950
191,341	24,949
191,443	24,949
191,545	24,949
191,647	24,948
191,749	24,948
191,851	24,948
191,953	24,948
192,055	24,949
192,157	24,949
192,259	24,949
192,361	24,950
192,463	24,950
192,565	24,949
192,667	24,949
192,769	24,949
192,871	24,948
192,973	24,948
193,075	24,947
193,177	24,947
193,279	24,947
193,381	24,947
193,483	24,947
193,585	24,947
193,687	24,947
193,789	24,947
193,891	24,946
193,993	24,946
194,095	24,945
194,197	24,945
194,299	24,945
194,401	24,944
194,503	24,944
194,605	24,945
194,707	24,945
194,809	24,945
194,911	24,946
195,013	24,946
195,115	24,946
195,217	24,946
195,319	24,946
195,421	24,946
195,523	24,946
195,625	24,946
195,727	24,946
195,829	24,946
195,931	24,946
196,033	24,946
196,135	24,947
196,237	24,947
196,339	24,946
196,441	24,946
196,543	24,946
196,645	24,947
196,747	24,947
196,849	24,947
196,951	24,947
197,053	24,947
197,155	24,948
197,257	24,948
197,359	24,948
197,461	24,948
197,563	24,948
197,665	24,948
197,767	24,948
197,869	24,948
197,971	24,948
198,073	24,948
198,175	24,948
198,277	24,948
198,379	24,948
198,481	24,948
198,583	24,948
198,685	24,948
198,787	24,948
198,889	24,948
198,991	24,948
199,093	24,948
199,195	24,948
199,297	24,948
199,399	24,949
199,501	24,949
199,603	24,950
199,705	24,950
199,807	24,950
199,909	24,949
200,011	24,949
200,113	24,949
200,215	24,949
200,317	24,949
200,419	24,948
200,521	24,948
200,623	24,948
200,725	24,948
200,827	24,948
200,929	24,948
201,031	24,948
201,134	24,947
201,236	24,947
201,338	24,947
201,440	24,946
201,542	24,946
201,644	24,947
201,746	24,947
201,848	24,947
201,950	24,947
202,052	24,947
202,154	24,946
202,256	24,946
202,358	24,946
202,460	24,946
202,562	24,946
202,664	24,945
202,766	24,945
202,868	24,944
202,970	24,944
203,072	24,944
203,174	24,943
203,276	24,943
203,378	24,943
203,480	24,943
203,582	24,943
203,684	24,942
203,786	24,942
203,888	24,943
203,990	24,943
204,092	24,943
204,194	24,943
204,296	24,943
204,398	24,943
204,500	24,943
204,602	24,943
204,704	24,943
204,806	24,943
204,908	24,944
205,010	24,944
205,112	24,944
205,214	24,944
205,316	24,944
205,418	24,944
205,520	24,944
205,622	24,944
205,724	24,944
205,826	24,944
205,928	24,944
206,030	24,944
206,132	24,944
206,234	24,944
206,336	24,944
206,438	24,945
206,540	24,945
206,642	24,946
206,744	24,946
206,846	24,946
206,948	24,946
207,050	24,946
207,152	24,945
207,254	24,945
207,356	24,945
207,458	24,945
207,560	24,945
207,662	24,946
207,764	24,946
207,866	24,946
207,968	24,946
208,070	24,946
208,172	24,945
208,274	24,945
208,375	24,945
208,477	24,945
208,579	24,945
208,681	24,945
208,783	24,945
208,885	24,946
208,987	24,946
209,089	24,946
209,191	24,946
209,293	24,946
209,395	24,945
209,497	24,945
209,599	24,945
209,701	24,944
209,803	24,944
209,905	24,943
210,007	24,943
210,109	24,943
210,211	24,943
210,313	24,943
210,415	24,944
210,517	24,944
210,619	24,944
210,721	24,944
210,823	24,944
210,925	24,944
211,027	24,944
211,129	24,945
211,231	24,945
211,333	24,945
211,435	24,946
211,537	24,946
211,639	24,947
211,741	24,947
211,843	24,947
211,945	24,947
212,047	24,947
212,149	24,947
212,251	24,947
212,353	24,947
212,455	24,948
212,557	24,948
212,659	24,947
212,761	24,947
212,863	24,947
212,965	24,946
213,067	24,946
213,169	24,946
213,271	24,946
213,373	24,946
213,475	24,946
213,577	24,946
213,679	24,945
213,781	24,945
213,883	24,945
213,985	24,945
214,087	24,945
214,189	24,946
214,291	24,946
214,393	24,946
214,495	24,945
214,597	24,945
214,699	24,945
214,801	24,945
214,903	24,945
215,005	24,945
215,107	24,945
215,209	24,944
215,311	24,944
215,413	24,943
215,515	24,943
215,617	24,943
215,719	24,944
215,821	24,944
215,923	24,944
216,025	24,944
216,127	24,944
216,229	24,944
216,331	24,944
216,433	24,944
216,535	24,944
216,637	24,944
216,739	24,944
216,841	24,944
216,943	24,945
217,045	24,945
217,147	24,945
217,249	24,946
217,351	24,946
217,453	24,946
217,555	24,946
217,657	24,946
217,759	24,946
217,861	24,946
217,963	24,947
218,065	24,947
218,167	24,948
218,269	24,948
218,371	24,948
218,473	24,949
218,576	24,949
218,678	24,950
218,780	24,950
218,882	24,950
218,984	24,950
219,086	24,950
219,188	24,949
219,290	24,949
219,392	24,949
219,494	24,949
219,596	24,949
219,698	24,949
219,800	24,949
219,902	24,949
220,004	24,949
220,106	24,949
220,208	24,949
220,310	24,949
220,412	24,949
220,514	24,948
220,616	24,948
220,718	24,948
220,820	24,948
220,922	24,948
221,024	24,947
221,126	24,947
221,228	24,948
221,330	24,948
221,432	24,948
221,534	24,948
221,636	24,948
221,738	24,948
221,840	24,948
221,942	24,950
222,044	24,950
222,146	24,950
222,248	24,951
222,350	24,951
222,452	24,951
222,554	24,951
222,656	24,951
222,758	24,951
222,860	24,951
222,962	24,950
223,064	24,950
223,166	24,950
223,268	24,950
223,370	24,950
223,472	24,950
223,574	24,950
223,676	24,950
223,778	24,949
223,880	24,949
223,982	24,949
224,084	24,949
224,186	24,948
224,288	24,948
224,390	24,948
224,492	24,948
224,594	24,948
224,696	24,948
224,798	24,948
224,900	24,948
225,002	24,948
225,104	24,948
225,206	24,948
225,308	24,948
225,410	24,948
225,512	24,948
225,614	24,948
225,716	24,947
225,817	24,947
225,919	24,947
226,021	24,947
226,123	24,947
226,225	24,947
226,327	24,947
226,429	24,947
226,531	24,948
226,633	24,948
226,735	24,948
226,837	24,948
226,939	24,948
227,041	24,948
227,143	24,948
227,245	24,948
227,347	24,948
227,449	24,947
227,551	24,947
227,653	24,947
227,755	24,946
227,857	24,946
227,959	24,946
228,061	24,946
228,163	24,946
228,265	24,946
228,367	24,946
228,469	24,947
228,571	24,947
228,673	24,947
228,775	24,947
228,877	24,947
228,979	24,946
229,081	24,946
229,183	24,946
229,285	24,947
229,387	24,947
229,489	24,947
229,591	24,947
229,693	24,947
229,795	24,947
229,897	24,947
229,999	24,946
230,101	24,946
230,203	24,946
230,305	24,946
230,407	24,946
230,509	24,946
230,611	24,946
230,713	24,947
230,815	24,947
230,917	24,947
231,019	24,948
231,121	24,948
231,223	24,948
231,325	24,948
231,427	24,948
231,529	24,948
231,631	24,948
231,733	24,947
231,835	24,947
231,937	24,947
232,039	24,947
232,141	24,947
232,243	24,948
232,345	24,948
232,447	24,948
232,549	24,949
232,651	24,949
232,753	24,949
232,855	24,949
232,957	24,949
233,059	24,948
233,161	24,948
233,263	24,948
233,365	24,948
233,467	24,948
233,569	24,948
233,671	24,948
233,773	24,948
233,875	24,948
233,977	24,949
234,079	24,949
234,181	24,949
234,283	24,950
234,385	24,950
234,487	24,950
234,589	24,950
234,691	24,950
234,793	24,950
234,895	24,950
234,997	24,951
235,099	24,951
235,201	24,951
235,303	24,951
235,405	24,951
235,507	24,952
235,609	24,952
235,711	24,952
235,813	24,952
235,915	24,952
236,017	24,953
236,120	24,953
236,222	24,953
236,324	24,953
236,426	24,953
236,528	24,953
236,630	24,953
236,732	24,953
236,834	24,953
236,936	24,953
237,038	24,953
237,140	24,953
237,242	24,953
237,344	24,953
237,446	24,953
237,548	24,954
237,650	24,954
237,752	24,953
237,854	24,953
237,956	24,953
238,058	24,953
238,160	24,953
238,262	24,955
238,364	24,955
238,466	24,955
238,568	24,956
238,670	24,956
238,772	24,956
238,874	24,956
238,976	24,956
239,078	24,957
239,180	24,957
239,282	24,957
239,384	24,957
239,486	24,958
239,588	24,958
239,690	24,958
239,792	24,959
239,894	24,959
239,997	24,959
240,100	24,960
240,202	24,960
240,304	24,960
240,406	24,960
240,508	24,960
240,610	24,960
240,712	24,960
240,814	24,961
240,916	24,961
241,018	24,962
241,120	24,962
241,222	24,962
241,324	24,962
241,426	24,962
241,528	24,963
241,630	24,963
241,732	24,963
241,834	24,965
241,936	24,965
242,041	24,966
242,143	24,966
242,245	24,966
242,347	24,967
242,449	24,967
242,552	24,967
242,654	24,967
242,756	24,967
242,858	24,968
242,960	24,968
243,062	24,968
243,164	24,968
243,266	24,968
243,367	24,968
243,469	24,968
243,571	24,970
243,673	24,970
243,775	24,973
243,877	24,973
243,979	24,973
244,081	24,975
244,183	24,975
244,285	24,976
244,387	24,976
244,489	24,976
244,591	24,976
244,693	24,976
244,795	24,978
244,897	24,978
244,999	24,978
245,101	24,979
245,203	24,979
245,305	24,981
245,407	24,981
245,509	24,981
245,611	24,982
245,713	24,982
245,815	24,984
245,917	24,984
246,018	24,985
246,120	24,985
246,223	24,985
246,325	24,986
246,427	24,986
246,529	24,987
246,631	24,987
246,733	24,987
246,835	24,988
246,938	24,988
247,040	24,990
247,142	24,990
247,244	24,990
247,346	24,991
247,448	24,991
247,550	24,992
247,652	24,992
247,754	24,992
247,856	24,994
247,958	24,994
248,060	24,996
248,162	24,996
248,264	24,996
248,366	24,998
248,468	24,998
248,570	25,000
248,672	25,000
248,774	25,000
248,876	25,002
248,978	25,002
249,080	25,004
249,182	25,004
249,284	25,004
249,386	25,006
249,488	25,006
249,590	25,007
249,692	25,007
249,794	25,008
249,896	25,008
249,998	25,008
250,100	25,010
250,202	25,010
250,304	25,012
250,406	25,012
250,508	25,012
250,610	25,015
250,712	25,015
250,814	25,017
250,916	25,017
251,018	25,017
251,120	25,019
251,222	25,019
251,324	25,022
251,426	25,022
251,528	25,022
251,630	25,024
251,732	25,024
251,834	25,026
251,936	25,026
252,038	25,026
252,140	25,029
252,242	25,029
252,344	25,033
252,446	25,033
252,548	25,033
252,650	25,036
252,752	25,036
252,854	25,038
252,956	25,038
253,058	25,040
253,160	25,040
253,262	25,040
253,364	25,041
253,466	25,041
253,569	25,044
253,671	25,044
253,773	25,044
253,875	25,047
253,977	25,047
254,079	25,050
254,181	25,050
254,283	25,050
254,385	25,053
254,487	25,053
254,589	25,056
254,691	25,056
254,793	25,056
254,895	25,058
254,997	25,058
255,099	25,059
255,201	25,059
255,303	25,059
255,405	25,061
255,507	25,061
255,609	25,064
255,711	25,064
255,813	25,064
255,915	25,066
256,017	25,066
256,119	25,069
256,221	25,069
256,323	25,070
256,425	25,070
256,527	25,070
256,629	25,073
256,731	25,073
256,833	25,076
256,935	25,076
257,037	25,076
257,139	25,079
257,241	25,079
257,343	25,082
257,445	25,082
257,547	25,082
257,649	25,085
257,751	25,085
257,853	25,089
257,955	25,089
258,057	25,089
258,159	25,092
258,261	25,092
258,363	25,096
258,465	25,096
258,567	25,096
258,669	25,100
258,771	25,100
258,873	25,104
258,975	25,104
259,077	25,104
259,179	25,107
259,281	25,107
259,383	25,111
259,485	25,111
259,587	25,116
259,689	25,116
259,791	25,116
259,893	25,121
259,995	25,121
260,097	25,124
260,199	25,124
260,301	25,124
260,403	25,127
260,505	25,127
260,607	25,130
260,709	25,130
260,810	25,130
260,912	25,133
261,014	25,133
261,116	25,137
261,218	25,137
261,320	25,137
261,422	25,140
261,524	25,140
261,626	25,144
261,728	25,144
261,830	25,148
261,932	25,148
262,034	25,148
262,136	25,152
262,238	25,152
262,340	25,156
262,442	25,156
262,544	25,156
262,646	25,158
262,748	25,158
262,850	25,162
262,952	25,162
263,054	25,162
263,156	25,166
263,258	25,166
263,360	25,170
263,462	25,170
263,564	25,170
263,666	25,174
263,768	25,174
263,870	25,179
263,972	25,179
264,074	25,179
264,176	25,185
264,278	25,185
264,380	25,191
264,482	25,191
264,584	25,191
264,686	25,197
264,788	25,197
264,890	25,202
264,992	25,202
265,094	25,202
265,196	25,208
265,298	25,208
265,400	25,212
265,502	25,212
265,604	25,216
265,706	25,216
265,808	25,216
265,910	25,221
266,012	25,221
266,114	25,225
266,216	25,225
266,318	25,225
266,420	25,230
266,522	25,230
266,624	25,233
266,726	25,233
266,828	25,233
266,930	25,237
267,032	25,237
267,134	25,241
267,236	25,241
267,338	25,241
267,440	25,244
267,542	25,244
267,644	25,249
267,746	25,249
267,848	25,249
267,950	25,253
268,052	25,253
268,154	25,259
268,256	25,259
268,358	25,259
268,460	25,265
268,562	25,265
268,664	25,270
268,766	25,270
268,868	25,275
268,970	25,275
269,072	25,275
269,174	25,279
269,276	25,279
269,378	25,284
269,480	25,284
269,582	25,284
269,684	25,288
269,786	25,288
269,888	25,291
269,990	25,291
270,092	25,291
270,194	25,295
270,296	25,295
270,398	25,299
270,500	25,299
270,602	25,299
270,704	25,303
270,806	25,303
270,908	25,307
271,011	25,307
271,113	25,307
271,215	25,310
271,317	25,310
271,419	25,315
271,521	25,315
271,623	25,315
271,725	25,321
271,827	25,321
271,929	25,327
272,031	25,327
272,133	25,333
272,235	25,333
272,337	25,333
272,439	25,337
272,541	25,337
272,643	25,342
272,745	25,342
272,847	25,342
272,949	25,347
273,051	25,347
273,153	25,352
273,255	25,352
273,357	25,352
273,459	25,358
273,561	25,358
273,663	25,363
273,765	25,363
273,867	25,363
273,969	25,367
274,071	25,367
274,173	25,371
274,275	25,371
274,377	25,371
274,479	25,374
274,581	25,374
274,683	25,378
274,785	25,378
274,887	25,378
274,989	25,382
275,091	25,382
275,193	25,387
275,295	25,387
275,397	25,393
275,499	25,393
275,601	25,393
275,703	25,399
275,805	25,399
275,907	25,404
276,009	25,404
276,111	25,404
276,213	25,409
276,315	25,409
276,417	25,415
276,519	25,415
276,621	25,415
276,723	25,421
276,825	25,421
276,927	25,427
277,029	25,427
277,131	25,427
277,233	25,434
277,335	25,434
277,437	25,440
277,539	25,440
277,641	25,440
277,743	25,445
277,845	25,445
277,947	25,450
278,049	25,450
278,151	25,450
278,252	25,455
278,354	25,455
278,456	25,459
278,558	25,459
278,660	25,463
278,762	25,463
278,864	25,463
278,966	25,467
279,068	25,467
279,170	25,471
279,272	25,471
279,374	25,471
279,476	25,475
279,578	25,475
279,680	25,478
279,782	25,478
279,884	25,478
279,986	25,482
280,088	25,482
280,190	25,485
280,292	25,485
280,394	25,485
280,496	25,489
280,598	25,489
280,700	25,493
280,802	25,493
280,904	25,493
281,006	25,498
281,108	25,498
281,210	25,504
281,312	25,504
281,414	25,508
281,516	25,508
281,618	25,508
281,720	25,513
281,822	25,513
281,924	25,517
282,026	25,517
282,128	25,517
282,230	25,521
282,332	25,521
282,434	25,525
282,536	25,525
282,638	25,525
282,740	25,529
282,842	25,529
282,944	25,533
283,046	25,533
283,148	25,533
283,250	25,537
283,352	25,537
283,454	25,541
283,556	25,541
283,658	25,541
283,760	25,547
283,862	25,547
283,964	25,551
284,066	25,551
284,168	25,551
284,270	25,555
284,372	25,555
284,474	25,559
284,576	25,559
284,678	25,559
284,780	25,565
284,882	25,565
284,984	25,571
285,086	25,571
285,188	25,577
285,290	25,577
285,392	25,577
285,494	25,582
285,596	25,582
285,698	25,587
285,800	25,587
285,902	25,587
286,004	25,593
286,106	25,593
286,208	25,598
286,310	25,598
286,412	25,598
286,514	25,603
286,616	25,603
286,718	25,607
286,820	25,607
286,922	25,607
287,024	25,610
287,126	25,610
287,228	25,615
287,330	25,615
287,432	25,615
287,534	25,620
287,636	25,620
287,738	25,625
287,840	25,625
287,942	25,625
288,044	25,630
288,146	25,630
288,248	25,635
288,350	25,635
288,452	25,639
288,555	25,639
288,657	25,639
288,759	25,642
288,861	25,642
288,963	25,646
289,065	25,646
289,167	25,646
289,269	25,650
289,371	25,650
289,473	25,656
289,575	25,656
289,677	25,656
289,779	25,662
289,881	25,662
289,983	25,667
290,085	25,667
290,187	25,667
290,289	25,671
290,391	25,671
290,493	25,674
290,595	25,674
290,697	25,674
290,799	25,677
290,901	25,677
291,003	25,681
291,105	25,681
291,207	25,681
291,309	25,686
291,411	25,686
291,513	25,692
291,615	25,692
291,717	25,697
291,819	25,697
291,921	25,697
292,023	25,704
292,125	25,704
292,227	25,709
292,329	25,709
292,431	25,709
292,533	25,715
292,635	25,715
292,737	25,721
292,839	25,721
292,941	25,721
293,043	25,727
293,145	25,727
293,247	25,732
293,349	25,732
293,451	25,732
293,553	25,736
293,655	25,736
293,757	25,740
293,859	25,740
293,961	25,740
294,063	25,744
294,165	25,744
294,267	25,749
294,369	25,749
294,471	25,749
294,573	25,754
294,675	25,754
294,777	25,759
294,879	25,759
294,981	25,764
295,083	25,764
295,185	25,764
295,287	25,770
295,389	25,770
295,491	25,775
295,593	25,775
295,695	25,775
295,796	25,780
295,898	25,780
296,000	25,785
296,102	25,785
296,204	25,785
296,306	25,791
296,408	25,791
296,510	25,797
296,612	25,797
296,714	25,797
296,816	25,803
296,918	25,803
297,020	25,809
297,122	25,809
297,224	25,809
297,326	25,816
297,428	25,816
297,530	25,822
297,632	25,822
297,734	25,828
297,836	25,828
297,938	25,828
298,040	25,834
298,142	25,834
298,244	25,840
298,346	25,840
298,448	25,840
298,550	25,844
298,652	25,844
298,754	25,848
298,856	25,848
298,958	25,848
299,060	25,853
299,162	25,853
299,264	25,856
299,366	25,856
299,468	25,856
299,570	25,860
299,672	25,860
299,774	25,863
299,876	25,863
299,978	25,863
300,080	25,868
300,182	25,868
300,284	25,874
300,386	25,874
300,488	25,874
300,590	25,880
300,692	25,880
300,794	25,884
300,896	25,884
300,998	25,890
301,100	25,890
301,202	25,890
301,304	25,895
301,406	25,895
301,508	25,901
301,610	25,901
301,712	25,901
301,814	25,906
301,916	25,906
302,018	25,911
302,120	25,911
302,222	25,911
302,324	25,915
302,426	25,915
302,528	25,918
302,630	25,918
302,732	25,918
302,834	25,921
302,936	25,921
303,038	25,924
303,140	25,924
303,242	25,924
303,344	25,928
303,446	25,928
303,548	25,932
303,650	25,932
303,752	25,932
303,854	25,937
303,956	25,937
304,058	25,941
304,160	25,941
304,262	25,941
304,364	25,944
304,466	25,944
304,568	25,948
304,670	25,948
304,772	25,953
304,874	25,953
304,976	25,953
305,078	25,958
305,180	25,958
305,282	25,961
305,384	25,961
305,486	25,961
305,588	25,965
305,690	25,965
305,792	25,968
305,894	25,968
305,997	25,968
306,099	25,972
306,201	25,972
306,303	25,976
306,405	25,976
306,507	25,976
306,609	25,982
306,711	25,982
306,813	25,987
306,915	25,987
307,017	25,987
307,119	25,993
307,221	25,993
307,323	25,999
307,425	25,999
307,527	26,003
307,629	26,003
307,731	26,003
307,833	26,007
307,935	26,007
308,037	26,011
308,139	26,011
308,241	26,011
308,343	26,015
308,445	26,015
308,547	26,020
308,649	26,020
308,751	26,020
308,853	26,025
308,955	26,025
309,057	26,030
309,159	26,030
309,261	26,030
309,363	26,035
309,465	26,035
309,567	26,040
309,669	26,040
309,771	26,040
309,873	26,045
309,975	26,045
310,077	26,050
310,179	26,050
310,281	26,050
310,383	26,054
310,485	26,054
310,587	26,058
310,689	26,058
310,791	26,062
310,893	26,062
310,995	26,062
311,097	26,066
311,199	26,066
311,301	26,070
311,403	26,070
311,505	26,070
311,607	26,074
311,709	26,074
311,811	26,079
311,913	26,079
312,015	26,079
312,117	26,084
312,219	26,084
312,321	26,089
312,423	26,089
312,525	26,089
312,627	26,093
312,729	26,093
312,831	26,098
312,933	26,098
313,035	26,098
313,137	26,102
313,238	26,102
313,340	26,107
313,442	26,107
313,544	26,107
313,646	26,111
313,748	26,111
313,850	26,116
313,952	26,116
314,054	26,120
314,156	26,120
314,258	26,120
314,360	26,126
314,462	26,126
314,564	26,131
314,666	26,131
314,768	26,131
314,870	26,137
314,972	26,137
315,074	26,143
315,176	26,143
315,278	26,143
315,380	26,149
315,482	26,149
315,584	26,154
315,686	26,154
315,788	26,154
315,890	26,159
315,992	26,159
316,094	26,164
316,196	26,164
316,298	26,164
316,400	26,168
316,502	26,168
316,604	26,172
316,706	26,172
316,808	26,175
316,910	26,175
317,012	26,175
317,114	26,179
317,216	26,179
317,318	26,183
317,420	26,183
317,522	26,183
317,624	26,187
317,726	26,187
317,828	26,191
317,930	26,191
318,032	26,191
318,134	26,196
318,236	26,196
318,338	26,199
318,440	26,199
318,542	26,199
318,644	26,203
318,746	26,203
318,848	26,206
318,950	26,206
319,052	26,206
319,154	26,210
319,256	26,210
319,358	26,213
319,460	26,213
319,562	26,213
319,664	26,217
319,766	26,217
319,868	26,221
319,970	26,221
320,072	26,221
320,174	26,225
320,276	26,225
320,378	26,229
320,480	26,229
320,582	26,233
320,684	26,233
320,786	26,233
320,888	26,236
320,990	26,236
321,092	26,239
321,194	26,239
321,296	26,239
321,398	26,244
321,500	26,244
321,602	26,249
321,704	26,249
321,806	26,249
321,908	26,253
322,010	26,253
322,112	26,258
322,214	26,258
322,316	26,258
322,418	26,263
322,520	26,263
322,622	26,267
322,724	26,267
322,826	26,267
322,928	26,271
323,030	26,271
323,132	26,276
323,234	26,276
323,336	26,276
323,438	26,281
323,541	26,281
323,643	26,284
323,745	26,284
323,847	26,287
323,949	26,287
324,051	26,287
324,153	26,291
324,255	26,291
324,357	26,295
324,459	26,295
324,561	26,295
324,663	26,300
324,765	26,300
324,867	26,305
324,969	26,305
325,071	26,305
325,173	26,310
325,275	26,310
325,377	26,315
325,479	26,315
325,581	26,315
325,683	26,320
325,785	26,320
325,887	26,325
325,989	26,325
326,091	26,325
326,193	26,330
326,295	26,330
326,397	26,336
326,499	26,336
326,601	26,336
326,703	26,340
326,805	26,340
326,907	26,344
327,009	26,344
327,111	26,349
327,213	26,349
327,315	26,349
327,417	26,355
327,519	26,355
327,621	26,360
327,723	26,360
327,825	26,360
327,927	26,365
328,029	26,365
328,131	26,369
328,233	26,369
328,335	26,369
328,437	26,373
328,539	26,373
328,641	26,378
328,743	26,378
328,845	26,378
328,947	26,382
329,049	26,382
329,151	26,387
329,253	26,387
329,355	26,387
329,457	26,392
329,559	26,392
329,661	26,398
329,763	26,398
329,865	26,398
329,967	26,403
330,069	26,403
330,171	26,407
330,273	26,407
330,375	26,411
330,477	26,411
330,579	26,411
330,681	26,415
330,782	26,415
330,884	26,419
330,986	26,419
331,088	26,419
331,190	26,424
331,292	26,424
331,394	26,429
331,496	26,429
331,598	26,429
331,700	26,434
331,802	26,434
331,904	26,439
332,006	26,439
332,108	26,439
332,210	26,444
332,312	26,444
332,414	26,448
332,516	26,448
332,618	26,452
332,720	26,452
332,822	26,452
332,924	26,456
333,026	26,456
333,128	26,456
333,230	26,460
333,332	26,460
333,434	26,464
333,536	26,464
333,638	26,469
333,740	26,469
333,842	26,469
333,944	26,474
334,046	26,474
334,148	26,477
334,250	26,477
334,352	26,477
334,454	26,481
334,556	26,481
334,658	26,486
334,760	26,486
334,862	26,486
334,964	26,490
335,066	26,490
335,168	26,496
335,270	26,496
335,372	26,496
335,474	26,500
335,576	26,500
335,678	26,503
335,780	26,503
335,883	26,506
335,985	26,506
336,087	26,506
336,189	26,510
336,291	26,510
336,393	26,515
336,495	26,515
336,597	26,515
336,699	26,520
336,801	26,520
336,903	26,524
337,005	26,524
337,107	26,524
337,209	26,528
337,311	26,528
337,413	26,532
337,515	26,532
337,617	26,532
337,719	26,536
337,821	26,536
337,923	26,540
338,025	26,540
338,127	26,540
338,229	26,544
338,331	26,544
338,433	26,549
338,535	26,549
338,637	26,549
338,739	26,555
338,841	26,555
338,943	26,561
339,045	26,561
339,147	26,561
339,249	26,565
339,351	26,565
339,453	26,569
339,555	26,569
339,657	26,573
339,759	26,573
339,861	26,573
339,963	26,576
340,065	26,576
340,167	26,580
340,269	26,580
340,371	26,580
340,473	26,584
340,575	26,584
340,677	26,587
340,779	26,587
340,881	26,587
340,984	26,590
341,086	26,590
341,188	26,593
341,290	26,593
341,392	26,593
341,494	26,596
341,596	26,596
341,698	26,600
341,800	26,600
341,902	26,600
342,004	26,603
342,106	26,603
342,208	26,606
342,310	26,606
342,412	26,606
342,514	26,610
342,616	26,610
342,718	26,614
342,820	26,614
342,922	26,618
343,024	26,618
343,126	26,618
343,228	26,623
343,330	26,623
343,432	26,628
343,534	26,628
343,636	26,628
343,738	26,632
343,840	26,632
343,942	26,636
344,044	26,636
344,146	26,636
344,248	26,639
344,350	26,639
344,452	26,642
344,554	26,642
344,656	26,642
344,758	26,645
344,860	26,645
344,962	26,649
345,064	26,649
345,166	26,649
345,268	26,652
345,370	26,652
345,472	26,656
345,574	26,656
345,676	26,656
345,778	26,659
345,880	26,659
345,982	26,663
346,084	26,663
346,186	26,666
346,288	26,666
346,390	26,666
346,492	26,670
346,594	26,670
346,696	26,674
346,798	26,674
346,900	26,674
347,002	26,676
347,104	26,676
347,206	26,679
347,308	26,679
347,410	26,679
347,512	26,682
347,614	26,682
347,716	26,685
347,818	26,685
347,920	26,685
348,022	26,688
348,124	26,688
348,225	26,692
348,327	26,692
348,429	26,692
348,531	26,695
348,633	26,695
348,735	26,700
348,837	26,700
348,939	26,705
349,041	26,705
349,143	26,705
349,245	26,710
349,347	26,710
349,449	26,716
349,551	26,716
349,653	26,716
349,755	26,721
349,857	26,721
349,959	26,726
350,061	26,726
350,163	26,726
350,265	26,730
350,367	26,730
350,469	26,734
350,571	26,734
350,673	26,734
350,775	26,737
350,877	26,737
350,979	26,740
351,081	26,740
351,183	26,740
351,285	26,744
351,387	26,744
351,489	26,748
351,591	26,748
351,693	26,748
351,795	26,752
351,897	26,752
351,999	26,755
352,101	26,755
352,203	26,755
352,305	26,757
352,407	26,757
352,509	26,760
352,611	26,760
352,713	26,763
352,815	26,763
352,917	26,763
353,019	26,766
353,121	26,766
353,223	26,769
353,325	26,769
353,427	26,769
353,529	26,773
353,631	26,773
353,733	26,778
353,835	26,778
353,937	26,778
354,039	26,782
354,141	26,782
354,243	26,785
354,345	26,785
354,447	26,785
354,549	26,789
354,651	26,789
354,753	26,792
354,855	26,792
354,957	26,792
355,059	26,795
355,161	26,795
355,263	26,799
355,365	26,799
355,467	26,799
355,569	26,803
355,671	26,803
355,773	26,806
355,875	26,806
355,977	26,809
356,079	26,809
356,181	26,809
356,283	26,812
356,385	26,812
356,487	26,816
356,589	26,816
356,691	26,816
356,793	26,819
356,895	26,819
356,997	26,821
357,099	26,821
357,201	26,821
357,303	26,823
357,405	26,823
357,507	26,825
357,609	26,825
357,711	26,825
357,813	26,828
357,915	26,828
358,017	26,830
358,119	26,830
358,221	26,830
358,323	26,833
358,426	26,833
358,528	26,836
358,630	26,836
358,732	26,836
358,834	26,840
358,936	26,840
359,038	26,844
359,140	26,844
359,242	26,848
359,344	26,848
359,446	26,848
359,548	26,851
359,650	26,851
359,752	26,854
359,854	26,854
359,956	26,854
360,058	26,856
360,160	26,856
360,262	26,860
360,364	26,860
360,466	26,860
360,568	26,862
360,670	26,862
360,772	26,865
360,874	26,865
360,976	26,865
361,078	26,867
361,180	26,867
361,282	26,869
361,384	26,869
361,486	26,869
361,588	26,872
361,690	26,872
361,792	26,876
361,894	26,876
361,996	26,876
362,098	26,879
362,200	26,879
362,302	26,881
362,404	26,881
362,506	26,885
362,608	26,885
362,710	26,885
362,812	26,889
362,914	26,889
363,016	26,891
363,118	26,891
363,220	26,891
363,322	26,894
363,424	26,894
363,526	26,896
363,628	26,896
363,730	26,896
363,832	26,898
363,934	26,898
364,036	26,900
364,138	26,900
364,240	26,900
364,342	26,903
364,444	26,903
364,546	26,905
364,648	26,905
364,750	26,905
364,852	26,907
364,954	26,907
365,056	26,909
365,158	26,909
365,260	26,909
365,362	26,912
365,464	26,912
365,566	26,915
365,667	26,915
365,769	26,917
365,871	26,917
365,973	26,917
366,075	26,920
366,177	26,920
366,279	26,924
366,381	26,924
366,483	26,924
366,585	26,927
366,687	26,927
366,789	26,929
366,891	26,929
366,993	26,929
367,095	26,931
367,197	26,931
367,299	26,933
367,401	26,933
367,503	26,933
367,605	26,935
367,707	26,935
367,809	26,937
367,911	26,937
368,013	26,940
368,115	26,940
368,217	26,940
368,319	26,942
368,421	26,942
368,523	26,942
368,625	26,943
368,727	26,943
368,829	26,945
368,931	26,945
369,033	26,948
369,135	26,948
369,237	26,948
369,339	26,950
369,441	26,950
369,543	26,952
369,645	26,952
369,747	26,952
369,849	26,953
369,951	26,953
370,053	26,956
370,155	26,956
370,257	26,956
370,359	26,957
370,461	26,957
370,563	26,958
370,665	26,958
370,767	26,958
370,869	26,960
370,971	26,960
371,073	26,963
371,175	26,963
371,277	26,963
371,379	26,965
371,481	26,965
371,583	26,967
371,685	26,967
371,787	26,969
371,889	26,969
371,991	26,969
372,093	26,970
372,195	26,970
372,297	26,972
372,399	26,972
372,501	26,972
372,603	26,975
372,705	26,975
372,807	26,978
372,909	26,978
373,011	26,978
373,113	26,980
373,215	26,980
373,317	26,982
373,419	26,982
373,521	26,982
373,623	26,984
373,725	26,984
373,827	26,987
373,929	26,987
374,031	26,987
374,133	26,989
374,235	26,989
374,337	26,990
374,439	26,990
374,541	26,990
374,643	26,992
374,745	26,992
374,847	26,994
374,949	26,994
375,051	26,996
375,153	26,996
375,255	26,996
375,357	26,998
375,459	26,998
375,561	27,001
375,663	27,001
375,765	27,001
375,867	27,004
375,970	27,004
376,072	27,006
376,174	27,006
376,276	27,006
376,378	27,008
376,480	27,008
376,582	27,010
376,684	27,010
376,786	27,010
376,888	27,012
376,990	27,012
377,092	27,014
377,194	27,014
377,296	27,014
377,398	27,015
377,500	27,015
377,602	27,016
377,704	27,016
377,806	27,016
377,908	27,018
378,010	27,018
378,112	27,021
378,214	27,021
378,316	27,023
378,418	27,023
378,520	27,023
378,622	27,024
378,724	27,024
378,826	27,026
378,928	27,026
379,030	27,026
379,132	27,028
379,234	27,028
379,336	27,030
379,438	27,030
379,540	27,030
379,642	27,033
379,744	27,033
379,846	27,034
379,948	27,034
380,050	27,034
380,152	27,035
380,254	27,035
380,356	27,037
380,458	27,037
380,560	27,037
380,662	27,040
380,764	27,040
380,866	27,042
380,968	27,042
381,070	27,042
381,172	27,044
381,274	27,044
381,376	27,045
381,478	27,045
381,580	27,046
381,682	27,046
381,784	27,046
381,886	27,047
381,988	27,047
382,090	27,049
382,192	27,049
382,294	27,049
382,396	27,051
382,498	27,051
382,600	27,052
382,702	27,052
382,804	27,052
382,906	27,053
383,008	27,053
383,110	27,055
383,211	27,055
383,313	27,055
383,415	27,058
383,517	27,058
383,619	27,061
383,721	27,061
383,823	27,061
383,925	27,064
384,027	27,064
384,129	27,066
384,231	27,066
384,333	27,066
384,435	27,066
384,537	27,066
384,639	27,067
384,741	27,067
384,843	27,069
384,945	27,069
385,047	27,069
385,149	27,070
385,251	27,070
385,353	27,072
385,455	27,072
385,557	27,072
385,659	27,074
385,761	27,074
385,863	27,075
385,965	27,075
386,067	27,075
386,169	27,075
386,271	27,075
386,373	27,076
386,475	27,076
386,577	27,076
386,679	27,078
386,781	27,078
386,883	27,080
386,985	27,080
387,087	27,080
387,189	27,082
387,291	27,082
387,393	27,083
387,495	27,083
387,597	27,083
387,699	27,085
387,801	27,085
387,903	27,086
388,005	27,086
388,107	27,088
388,209	27,088
388,311	27,088
388,413	27,089
388,515	27,089
388,617	27,091
388,719	27,091
388,821	27,091
388,923	27,092
389,025	27,092
389,127	27,093
389,229	27,093
389,331	27,093
389,433	27,093
389,535	27,093
389,637	27,094
389,739	27,094
389,841	27,094
389,943	27,095
390,045	27,095
390,147	27,096
390,249	27,096
390,351	27,096
390,453	27,099
390,555	27,099
390,657	27,101
390,759	27,101
390,861	27,103
390,963	27,103
391,065	27,103
391,167	27,104
391,269	27,104
391,371	27,105
391,473	27,105
391,575	27,105
391,677	27,106
391,779	27,106
391,881	27,107
391,983	27,107
392,085	27,107
392,187	27,109
392,289	27,109
392,391	27,111
392,493	27,111
392,595	27,111
392,697	27,111
392,799	27,111
392,901	27,112
393,003	27,112
393,105	27,112
393,207	27,113
393,309	27,113
393,412	27,115
393,514	27,115
393,616	27,115
393,718	27,117
393,820	27,117
393,922	27,118
394,024	27,118
394,126	27,118
394,228	27,120
394,330	27,120
394,432	27,122
394,534	27,122
394,636	27,123
394,738	27,123
394,840	27,123
394,942	27,125
395,044	27,125
395,146	27,126
395,248	27,126
395,350	27,126
395,452	27,128
395,554	27,128
395,656	27,129
395,758	27,129
395,860	27,129
395,962	27,130
396,064	27,130
396,166	27,132
396,268	27,132
396,370	27,132
396,472	27,132
396,574	27,132
396,676	27,131
396,778	27,131
396,880	27,131
396,982	27,132
397,084	27,132
397,186	27,133
397,288	27,133
397,390	27,133
397,492	27,135
397,594	27,135
397,696	27,138
397,798	27,138
397,900	27,139
398,002	27,139
398,104	27,139
398,206	27,139
398,308	27,139
398,410	27,140
398,512	27,140
398,614	27,140
398,716	27,141
398,818	27,141
398,920	27,143
399,022	27,143
399,124	27,143
399,226	27,144
399,328	27,144
399,430	27,145
399,532	27,145
399,634	27,145
399,736	27,147
399,838	27,147
399,940	27,148
400,042	27,148
400,144	27,148
400,246	27,150
400,348	27,150
400,450	27,152
400,552	27,152
400,653	27,152
400,755	27,154
400,857	27,154
400,959	27,155
401,061	27,155
401,163	27,155
401,265	27,155
401,367	27,155
401,469	27,156
401,571	27,156
401,673	27,157
401,775	27,157
401,877	27,157
401,979	27,159
402,081	27,159
402,183	27,161
402,285	27,161
402,387	27,161
402,489	27,163
402,591	27,163
402,693	27,164
402,795	27,164
402,897	27,164
402,999	27,166
403,101	27,166
403,203	27,168
403,305	27,168
403,407	27,168
403,509	27,169
403,611	27,169
403,713	27,171
403,815	27,171
403,917	27,171
404,019	27,171
404,121	27,171
404,223	27,172
404,325	27,172
404,427	27,173
404,529	27,173
404,631	27,173
404,733	27,176
404,835	27,176
404,937	27,176
405,039	27,176
405,141	27,176
405,243	27,177
405,345	27,177
405,447	27,178
405,549	27,178
405,651	27,178
405,753	27,178
405,855	27,178
405,957	27,179
406,059	27,179
406,161	27,179
406,263	27,180
406,365	27,180
406,467	27,182
406,569	27,182
406,671	27,184
406,773	27,184
406,875	27,184
406,977	27,186
407,079	27,186
407,181	27,188
407,283	27,188
407,385	27,188
407,487	27,190
407,589	27,190
407,691	27,190
407,793	27,190
407,895	27,190
407,997	27,191
408,099	27,191
408,201	27,192
408,303	27,192
408,405	27,192
408,507	27,193
408,609	27,193
408,711	27,194
408,813	27,194
408,915	27,194
409,017	27,194
409,119	27,194
409,221	27,195
409,323	27,195
409,425	27,195
409,527	27,196
409,629	27,196
409,731	27,196
409,833	27,196
409,935	27,196
410,037	27,197
410,139	27,197
410,241	27,197
410,343	27,197
410,445	27,199
410,547	27,199
410,649	27,199
410,751	27,199
410,853	27,199
410,956	27,198
411,058	27,198
411,160	27,198
411,262	27,199
411,364	27,199
411,466	27,201
411,568	27,201
411,670	27,201
411,772	27,202
411,874	27,202
411,976	27,203
412,078	27,203
412,180	27,203
412,282	27,204
412,384	27,204
412,486	27,204
412,588	27,204
412,690	27,204
412,792	27,204
412,894	27,204
412,996	27,205
413,098	27,205
413,200	27,205
413,302	27,207
413,404	27,207
413,506	27,208
413,608	27,208
413,710	27,209
413,812	27,209
413,914	27,209
414,016	27,211
414,118	27,211
414,220	27,211
414,322	27,211
414,424	27,211
414,526	27,212
414,628	27,212
414,730	27,214
414,832	27,214
414,934	27,214
415,036	27,215
415,138	27,215
415,240	27,216
415,342	27,216
415,444	27,216
415,546	27,217
415,648	27,217
415,750	27,217
415,852	27,217
415,954	27,217
416,056	27,218
416,158	27,218
416,260	27,219
416,362	27,219
416,464	27,219
416,566	27,219
416,668	27,219
416,770	27,218
416,872	27,218
416,974	27,219
417,076	27,219
417,178	27,219
417,280	27,220
417,382	27,220
417,484	27,221
417,586	27,221
417,688	27,221
417,790	27,221
417,892	27,221
417,994	27,220
418,096	27,220
418,197	27,220
418,299	27,221
418,401	27,221
418,503	27,221
418,605	27,221
418,707	27,221
418,809	27,222
418,911	27,222
419,013	27,223
419,115	27,223
419,217	27,223
419,319	27,225
419,421	27,225
419,523	27,227
419,625	27,227
419,727	27,227
419,829	27,229
419,931	27,229
420,033	27,230
420,135	27,230
420,237	27,230
420,339	27,230
420,441	27,230
420,543	27,232
420,645	27,232
420,747	27,232
420,849	27,232
420,951	27,232
421,053	27,234
421,155	27,234
421,257	27,235
421,359	27,235
421,461	27,235
421,561	27,235
421,661	27,235
421,761	27,235
421,861	27,235
421,963	27,235
422,065	27,235
422,167	27,235
422,269	27,235
422,371	27,235
422,473	27,235
422,575	27,234
422,677	27,234
422,779	27,234
422,881	27,234
422,983	27,234
423,085	27,234
423,187	27,234
423,289	27,235
423,391	27,235
423,493	27,235
423,595	27,236
423,697	27,236
423,799	27,237
423,901	27,237
424,003	27,238
424,105	27,238
424,207	27,238
424,309	27,239
424,411	27,239
424,513	27,239
424,615	27,239
424,717	27,239
424,819	27,241
424,921	27,241
425,023	27,242
425,125	27,242
425,227	27,242
425,329	27,243
425,431	27,243
425,533	27,244
425,635	27,244
425,737	27,244
425,839	27,245
425,941	27,245
426,043	27,244
426,145	27,244
426,247	27,244
426,349	27,244
426,451	27,244
426,553	27,245
426,655	27,245
426,757	27,247
426,859	27,247
426,961	27,247
427,063	27,247
427,165	27,247
427,267	27,248
427,369	27,248
427,471	27,248
427,573	27,249
427,675	27,249
427,777	27,249
427,879	27,249
427,981	27,249
428,083	27,251
428,185	27,251
428,287	27,253
428,390	27,253
428,492	27,253
428,594	27,254
428,696	27,254
428,798	27,256
428,900	27,256
429,002	27,256
429,104	27,256
429,206	27,256
429,308	27,256
429,410	27,256
429,512	27,256
429,614	27,255
429,716	27,255
429,818	27,256
429,920	27,256
430,022	27,256
430,124	27,258
430,226	27,258
430,328	27,259
430,430	27,259
430,532	27,259
430,634	27,259
430,736	27,259
430,838	27,259
430,940	27,259
431,042	27,260
431,144	27,260
431,246	27,260
431,348	27,262
431,450	27,262
431,552	27,262
431,654	27,262
431,756	27,262
431,858	27,263
431,960	27,263
432,062	27,263
432,164	27,263
432,266	27,263
432,368	27,264
432,470	27,264
432,572	27,264
432,674	27,264
432,776	27,264
432,878	27,265
432,980	27,265
433,082	27,266
433,184	27,266
433,286	27,266
433,388	27,267
433,490	27,267
433,592	27,268
433,694	27,268
433,796	27,268
433,898	27,268
434,000	27,268
434,102	27,269
434,204	27,269
434,306	27,268
434,408	27,268
434,510	27,268
434,612	27,267
434,714	27,267
434,816	27,267
434,918	27,267
435,020	27,267
435,122	27,268
435,224	27,268
435,326	27,269
435,428	27,269
435,530	27,269
435,631	27,270
435,733	27,270
435,835	27,270
435,937	27,270
436,039	27,270
436,141	27,271
436,243	27,271
436,345	27,272
436,447	27,272
436,549	27,272
436,651	27,272
436,753	27,272
436,855	27,272
436,957	27,272
437,059	27,273
437,161	27,273
437,263	27,273
437,365	27,272
437,467	27,272
437,569	27,272
437,671	27,272
437,773	27,272
437,875	27,273
437,977	27,273
438,079	27,275
438,181	27,275
438,283	27,275
438,385	27,275
438,487	27,275
438,589	27,276
438,691	27,276
438,793	27,276
438,895	27,277
438,997	27,277
439,099	27,277
439,201	27,277
439,303	27,277
439,405	27,277
439,507	27,277
439,609	27,278
439,711	27,278
439,813	27,278
439,915	27,280
440,017	27,280
440,119	27,280
440,221	27,280
440,323	27,280
440,425	27,280
440,527	27,280
440,629	27,280
440,731	27,280
440,833	27,280
440,935	27,280
441,037	27,280
441,139	27,279
441,241	27,279
441,343	27,279
441,445	27,279
441,547	27,279
441,649	27,280
441,751	27,280
441,853	27,281
441,955	27,281
442,057	27,281
442,159	27,281
442,261	27,281
442,363	27,280
442,465	27,280
442,567	27,280
442,669	27,279
442,771	27,279
442,873	27,280
442,975	27,280
443,077	27,280
443,179	27,280
443,281	27,280
443,383	27,281
443,485	27,281
443,587	27,282
443,689	27,282
443,791	27,282
443,893	27,282
443,995	27,282
444,097	27,283
444,199	27,283
444,301	27,283
444,403	27,284
444,505	27,284
444,607	27,284
444,709	27,284
444,811	27,284
444,913	27,286
445,015	27,286
445,117	27,287
445,219	27,287
445,321	27,287
445,423	27,288
445,525	27,288
445,627	27,288
445,729	27,288
445,832	27,288
445,934	27,288
446,036	27,288
446,138	27,289
446,240	27,289
446,342	27,290
446,444	27,290
446,546	27,290
446,648	27,290
446,750	27,290
446,852	27,289
446,954	27,289
447,056	27,289
447,158	27,289
447,260	27,289
447,362	27,289
447,464	27,289
447,566	27,289
447,668	27,289
447,770	27,289
447,872	27,289
447,974	27,289
448,076	27,289
448,178	27,289
448,280	27,289
448,382	27,291
448,484	27,291
448,586	27,291
448,688	27,293
448,790	27,293
448,892	27,294
448,994	27,294
449,096	27,294
449,198	27,295
449,300	27,295
449,402	27,296
449,504	27,296
449,606	27,297
449,708	27,297
449,810	27,297
449,912	27,297
450,014	27,297
450,116	27,298
450,218	27,298
450,320	27,298
450,422	27,299
450,524	27,299
450,626	27,300
450,728	27,300
450,830	27,300
450,932	27,300
451,034	27,300
451,136	27,299
451,238	27,299
451,340	27,299
451,442	27,298
451,544	27,298
451,646	27,298
451,748	27,298
451,850	27,298
451,952	27,298
452,054	27,298
452,156	27,298
452,258	27,298
452,360	27,298
452,462	27,299
452,564	27,299
452,666	27,299
452,768	27,299
452,870	27,299
452,972	27,299
453,074	27,299
453,175	27,300
453,277	27,300
453,379	27,301
453,481	27,301
453,583	27,301
453,685	27,301
453,787	27,301
453,889	27,301
453,991	27,301
454,093	27,301
454,195	27,301
454,297	27,301
454,399	27,301
454,501	27,301
454,603	27,301
454,705	27,301
454,807	27,301
454,909	27,302
455,011	27,302
455,113	27,302
455,215	27,302
455,317	27,302
455,419	27,302
455,521	27,302
455,623	27,302
455,725	27,303
455,827	27,303
455,929	27,303
456,031	27,303
456,133	27,305
456,235	27,305
456,337	27,305
456,439	27,306
456,541	27,306
456,643	27,306
456,745	27,306
456,847	27,306
456,949	27,307
457,051	27,307
457,153	27,307
457,255	27,307
457,357	27,307
457,459	27,308
457,561	27,308
457,663	27,308
457,765	27,308
457,867	27,308
457,969	27,308
458,071	27,308
458,173	27,307
458,275	27,307
458,377	27,307
458,479	27,307
458,581	27,307
458,683	27,307
458,785	27,307
458,887	27,307
458,989	27,308
459,091	27,308
459,193	27,308
459,295	27,308
459,397	27,309
459,499	27,309
459,601	27,309
459,703	27,309
459,805	27,309
459,907	27,309
460,009	27,309
460,111	27,309
460,213	27,309
460,315	27,309
460,417	27,309
460,519	27,309
460,621	27,309
460,723	27,309
460,825	27,309
460,927	27,310
461,029	27,310
461,131	27,310
461,233	27,312
461,335	27,312
461,437	27,313
461,539	27,313
461,641	27,313
461,743	27,313
461,845	27,313
461,947	27,313
462,049	27,313
462,151	27,314
462,253	27,314
462,355	27,314
462,457	27,314
462,559	27,314
462,661	27,314
462,763	27,314
462,865	27,314
462,967	27,313
463,069	27,313
463,171	27,313
463,273	27,313
463,376	27,313
463,478	27,313
463,580	27,313
463,682	27,314
463,784	27,314
463,886	27,314
463,988	27,314
464,090	27,314
464,192	27,315
464,294	27,315
464,396	27,315
464,498	27,315
464,600	27,315
464,702	27,315
464,804	27,315
464,906	27,315
465,008	27,314
465,110	27,314
465,212	27,314
465,314	27,314
465,416	27,315
465,518	27,315
465,620	27,315
465,722	27,315
465,824	27,315
465,926	27,315
466,028	27,315
466,130	27,315
466,232	27,315
466,334	27,315
466,436	27,314
466,538	27,314
466,640	27,314
466,742	27,314
466,844	27,314
466,946	27,315
467,048	27,315
467,150	27,315
467,252	27,315
467,354	27,315
467,456	27,314
467,558	27,314
467,660	27,314
467,762	27,313
467,864	27,313
467,966	27,313
468,068	27,313
468,170	27,313
468,272	27,313
468,372	27,313
468,473	27,312
468,574	27,312
468,675	27,312
468,777	27,312
468,879	27,312
468,981	27,314
469,083	27,314
469,185	27,315
469,287	27,315
469,389	27,315
469,491	27,316
469,593	27,316
469,695	27,316
469,797	27,316
469,899	27,316
470,001	27,316
470,103	27,316
470,205	27,318
470,307	27,318
470,409	27,318
470,511	27,319
470,613	27,319
470,715	27,320
470,817	27,320
470,919	27,320
471,021	27,320
471,123	27,320
471,225	27,320
471,327	27,320
471,429	27,320
471,531	27,320
471,633	27,320
471,735	27,320
471,837	27,320
471,939	27,320
472,041	27,320
472,143	27,320
472,245	27,320
472,347	27,320
472,449	27,319
472,551	27,319
472,653	27,319
472,755	27,320
472,857	27,320
472,959	27,321
473,061	27,321
473,163	27,321
473,265	27,321
473,367	27,321
473,469	27,322
473,571	27,322
473,673	27,322
473,775	27,323
473,877	27,323
473,979	27,324
474,081	27,324
474,183	27,324
474,285	27,324
474,387	27,324
474,489	27,324
474,591	27,324
474,693	27,324
474,795	27,325
474,897	27,325
474,999	27,325
475,101	27,325
475,203	27,325
475,305	27,325
475,407	27,325
475,509	27,324
475,611	27,324
475,713	27,324
475,815	27,324
475,917	27,324
476,019	27,324
476,121	27,324
476,223	27,324
476,325	27,324
476,427	27,324
476,529	27,325
476,631	27,325
476,733	27,326
476,835	27,326
476,937	27,326
477,039	27,327
477,141	27,327
477,243	27,327
477,345	27,327
477,447	27,327
477,549	27,327
477,651	27,327
477,753	27,327
477,855	27,327
477,957	27,327
478,059	27,327
478,161	27,327
478,263	27,327
478,365	27,327
478,467	27,327
478,569	27,328
478,671	27,328
478,773	27,327
478,875	27,327
478,977	27,327
479,079	27,327
479,181	27,327
479,283	27,327
479,385	27,327
479,487	27,328
479,589	27,328
479,691	27,328
479,793	27,328
479,895	27,328
479,997	27,328
480,099	27,328
480,201	27,328
480,303	27,328
480,405	27,328
480,507	27,328
480,609	27,328
480,711	27,328
480,814	27,328
480,916	27,328
481,018	27,328
481,120	27,328
481,222	27,328
481,324	27,329
481,426	27,329
481,528	27,329
481,630	27,329
481,732	27,328
481,834	27,328
481,936	27,328
482,038	27,328
482,140	27,328
482,242	27,329
482,344	27,329
482,446	27,329
482,548	27,329
482,650	27,329
482,752	27,329
482,854	27,329
482,956	27,329
483,058	27,329
483,160	27,329
483,262	27,328
483,364	27,328
483,466	27,328
483,568	27,328
483,670	27,328
483,772	27,328
483,874	27,328
483,976	27,328
484,078	27,328
484,180	27,328
484,282	27,327
484,384	27,327
484,486	27,327
484,588	27,329
484,690	27,329
484,792	27,331
484,894	27,331
484,996	27,331
485,098	27,332
485,200	27,332
485,302	27,333
485,404	27,333
485,506	27,333
485,608	27,333
485,710	27,333
485,812	27,332
485,914	27,332
486,016	27,333
486,118	27,333
486,220	27,333
486,322	27,333
486,424	27,333
486,526	27,334
486,628	27,334
486,730	27,334
486,832	27,334
486,934	27,334
487,036	27,334
487,138	27,334
487,240	27,334
487,342	27,334
487,444	27,334
487,546	27,335
487,648	27,335
487,750	27,335
487,852	27,336
487,954	27,336
488,055	27,336
488,157	27,336
488,259	27,336
488,361	27,336
488,463	27,336
488,565	27,336
488,667	27,336
488,769	27,336
488,871	27,336
488,973	27,336
489,075	27,336
489,177	27,336
489,279	27,337
489,381	27,337
489,483	27,337
489,585	27,337
489,687	27,337
489,789	27,337
489,891	27,337
489,993	27,337
490,095	27,337
490,197	27,337
490,299	27,336
490,401	27,336
490,503	27,336
490,605	27,335
490,707	27,335
490,809	27,336
490,911	27,336
491,013	27,336
491,115	27,337
491,217	27,337
491,319	27,337
491,421	27,337
491,523	27,337
491,625	27,337
491,727	27,337
491,829	27,336
491,931	27,336
492,033	27,336
492,135	27,336
492,237	27,336
492,339	27,336
492,441	27,336
492,543	27,336
492,645	27,336
492,747	27,336
492,849	27,336
492,951	27,336
493,053	27,336
493,155	27,336
493,257	27,336
493,359	27,337
493,461	27,337
493,563	27,338
493,665	27,338
493,767	27,338
493,869	27,340
493,971	27,340
494,073	27,341
494,175	27,341
494,277	27,341
494,379	27,342
494,481	27,342
494,583	27,343
494,685	27,343
494,787	27,343
494,889	27,342
494,991	27,342
495,093	27,342
495,195	27,342
495,297	27,343
495,399	27,343
495,501	27,343
495,603	27,344
495,705	27,344
495,807	27,344
495,909	27,344
496,011	27,344
496,113	27,345
496,215	27,345
496,317	27,345
496,419	27,345
496,521	27,345
496,623	27,344
496,725	27,344
496,827	27,343
496,929	27,343
497,031	27,343
497,133	27,344
497,235	27,344
497,337	27,344
497,439	27,344
497,541	27,344
497,643	27,344
497,745	27,344
497,847	27,345
497,949	27,345
498,051	27,345
498,153	27,345
498,255	27,345
498,358	27,346
498,460	27,346
498,562	27,347
498,664	27,347
498,766	27,347
498,868	27,347
498,970	27,347
499,072	27,346
499,174	27,346
499,276	27,346
499,378	27,346
499,480	27,346
499,582	27,345
499,684	27,345
499,786	27,345
499,888	27,345
499,990	27,345
500,092	27,344
500,194	27,344
500,296	27,344
500,398	27,344
500,500	27,344
500,602	27,345
500,704	27,345
500,806	27,345
500,908	27,345
501,010	27,345
501,112	27,346
501,214	27,346
501,316	27,346
501,418	27,346
501,520	27,346
501,622	27,347
501,724	27,347
501,826	27,346
501,928	27,346
502,030	27,346
502,132	27,345
502,234	27,345
502,336	27,344
502,438	27,344
502,540	27,344
502,642	27,344
502,744	27,344
502,846	27,344
502,948	27,344
503,050	27,344
503,152	27,344
503,254	27,344
503,356	27,344
503,458	27,344
503,560	27,344
503,662	27,344
503,764	27,344
503,866	27,344
503,968	27,344
504,070	27,344
504,172	27,344
504,274	27,344
504,376	27,344
504,478	27,344
504,580	27,344
504,682	27,344
504,784	27,344
504,886	27,344
504,988	27,344
505,090	27,344
505,192	27,344
505,294	27,344
505,396	27,344
505,498	27,344
505,599	27,344
505,701	27,344
505,803	27,344
505,905	27,344
506,007	27,344
506,109	27,344
506,211	27,344
506,313	27,344
506,415	27,345
506,517	27,345
506,619	27,346
506,721	27,346
506,823	27,346
506,925	27,348
507,027	27,348
507,129	27,348
507,231	27,348
507,333	27,348
507,435	27,348
507,537	27,348
507,639	27,348
507,741	27,348
507,843	27,348
507,945	27,348
508,047	27,348
508,149	27,349
508,251	27,349
508,353	27,348
508,455	27,348
508,557	27,348
508,659	27,348
508,761	27,348
508,863	27,348
508,965	27,348
509,067	27,348
509,169	27,347
509,271	27,347
509,373	27,346
509,475	27,346
509,577	27,346
509,679	27,346
509,781	27,346
509,883	27,347
509,985	27,347
510,087	27,347
510,189	27,347
510,291	27,347
510,393	27,348
510,495	27,348
510,597	27,348
510,699	27,348
510,801	27,348
510,903	27,348
511,005	27,348
511,107	27,348
511,209	27,348
511,311	27,348
511,413	27,347
511,515	27,347
511,617	27,348
511,719	27,348
511,821	27,348
511,923	27,347
512,025	27,347
512,127	27,347
512,229	27,347
512,331	27,347
512,433	27,346
512,535	27,346
512,637	27,346
512,739	27,346
512,841	27,346
512,943	27,345
513,045	27,345
513,147	27,344
513,249	27,344
513,351	27,344
513,453	27,344
513,555	27,344
513,657	27,345
513,759	27,345
513,861	27,345
513,963	27,347
514,065	27,347
514,167	27,349
514,269	27,349
514,371	27,349
514,473	27,349
514,575	27,349
514,677	27,349
514,779	27,349
514,881	27,350
514,983	27,350
515,085	27,350
515,187	27,351
515,289	27,351
515,391	27,351
515,493	27,351
515,595	27,351
515,697	27,351
515,800	27,351
515,902	27,350
516,004	27,350
516,106	27,350
516,208	27,349
516,310	27,349
516,412	27,350
516,514	27,350
516,616	27,350
516,718	27,350
516,820	27,350
516,922	27,350
517,024	27,350
517,126	27,350
517,228	27,350
517,330	27,350
517,432	27,350
517,534	27,350
517,636	27,349
517,738	27,349
517,840	27,349
517,942	27,348
518,044	27,348
518,146	27,347
518,248	27,347
518,350	27,347
518,452	27,347
518,554	27,347
518,656	27,348
518,758	27,348
518,860	27,348
518,962	27,348
519,064	27,348
519,166	27,348
519,268	27,348
519,370	27,348
519,472	27,349
519,574	27,349
519,676	27,349
519,778	27,349
519,880	27,349
519,982	27,350
520,084	27,350
520,186	27,351
520,288	27,351
520,390	27,351
520,492	27,352
520,594	27,352
520,696	27,352
520,798	27,352
520,900	27,352
521,002	27,352
521,104	27,352
521,206	27,351
521,308	27,351
521,410	27,351
521,512	27,351
521,614	27,351
521,716	27,352
521,818	27,352
521,920	27,352
522,022	27,352
522,124	27,352
522,226	27,352
522,328	27,352
522,430	27,352
522,532	27,352
522,634	27,352
522,736	27,353
522,838	27,353
522,940	27,353
523,041	27,353
523,143	27,353
523,245	27,352
523,347	27,352
523,449	27,352
523,551	27,352
523,653	27,352
523,755	27,352
523,857	27,352
523,959	27,352
524,061	27,352
524,163	27,353
524,265	27,353
524,367	27,353
524,468	27,352
524,570	27,352
524,693	27,351
524,794	27,351
524,895	27,351
524,995	27,351
525,095	27,351
525,195	27,352
525,295	27,352
525,395	27,352
525,495	27,353
525,595	27,353
525,695	27,353
525,795	27,353
525,895	27,353
525,995	27,352
526,095	27,352
526,195	27,351
526,295	27,351
526,395	27,351
526,495	27,351
526,595	27,351
526,695	27,351
526,795	27,351
526,895	27,351
526,995	27,351
527,095	27,351
527,195	27,350
527,295	27,350
527,395	27,350
527,495	27,351
527,595	27,351
527,695	27,352
527,795	27,352
527,895	27,352
527,995	27,353
528,095	27,353
528,195	27,353
528,295	27,353
528,395	27,353
528,495	27,353
528,595	27,353
528,695	27,353
528,795	27,353
528,895	27,353
528,995	27,353
529,095	27,353
529,195	27,353
529,295	27,353
529,395	27,353
529,495	27,353
529,595	27,353
529,695	27,353
529,795	27,353
529,895	27,353
529,995	27,354
530,095	27,354
530,195	27,355
530,295	27,355
530,395	27,355
530,495	27,355
530,595	27,355
530,695	27,355
530,795	27,355
530,895	27,355
530,995	27,355
531,095	27,355
531,195	27,355
531,295	27,355
531,395	27,355
531,495	27,356
531,595	27,356
531,695	27,356
531,795	27,356
531,895	27,356
531,995	27,356
532,095	27,356
532,195	27,356
532,295	27,356
532,395	27,356
532,495	27,357
532,595	27,357
532,695	27,359
532,795	27,359
532,895	27,359
532,995	27,360
533,095	27,360
533,195	27,360
533,296	27,360
533,396	27,360
533,496	27,360
533,596	27,360
533,696	27,360
533,796	27,359
533,896	27,359
533,996	27,358
534,096	27,358
534,196	27,358
534,296	27,358
534,396	27,358
534,496	27,359
534,596	27,359
534,696	27,359
534,796	27,359
534,896	27,359
534,996	27,360
535,096	27,360
535,196	27,360
535,296	27,360
535,396	27,360
535,496	27,358
535,596	27,358
535,696	27,358
535,796	27,358
535,896	27,358
535,996	27,358
536,096	27,358
536,196	27,358
536,296	27,358
536,396	27,358
536,496	27,357
536,596	27,357
536,696	27,357
536,796	27,357
536,896	27,357
536,996	27,357
537,096	27,357
537,196	27,357
537,296	27,357
537,396	27,357
537,496	27,356
537,596	27,356
537,696	27,356
537,796	27,357
537,896	27,357
537,996	27,357
538,096	27,357
538,196	27,357
538,296	27,357
538,396	27,357
538,496	27,356
538,596	27,356
538,696	27,356
538,796	27,356
538,896	27,356
538,996	27,355
539,096	27,355
539,196	27,355
539,296	27,356
539,396	27,356
539,496	27,357
539,596	27,357
539,696	27,357
539,796	27,356
539,896	27,356
539,996	27,357
540,096	27,357
540,196	27,357
540,296	27,358
540,396	27,358
540,496	27,359
540,596	27,359
540,696	27,359
540,796	27,360
540,896	27,360
540,996	27,360
541,096	27,360
541,196	27,360
541,296	27,360
541,396	27,360
541,496	27,361
541,596	27,361
541,696	27,361
541,796	27,361
541,896	27,361
541,996	27,360
542,096	27,360
542,196	27,360
542,296	27,359
542,396	27,359
542,496	27,358
542,596	27,358
542,696	27,358
542,796	27,358
542,896	27,358
542,996	27,358
543,096	27,358
543,196	27,358
543,296	27,358
543,396	27,358
543,496	27,358
543,596	27,358
543,696	27,358
543,796	27,357
543,896	27,357
543,996	27,356
544,096	27,356
544,196	27,356
544,296	27,356
544,396	27,356
544,496	27,357
544,596	27,357
544,696	27,357
544,796	27,357
544,896	27,357
544,996	27,356
545,096	27,356
545,196	27,356
545,296	27,356
545,396	27,356
545,496	27,356
545,596	27,356
545,696	27,356
545,796	27,356
545,896	27,356
545,996	27,356
546,096	27,357
546,196	27,357
546,296	27,357
546,396	27,357
546,496	27,357
546,596	27,357
546,696	27,357
546,796	27,357
546,896	27,357
546,996	27,357
547,096	27,356
547,196	27,356
547,296	27,355
547,396	27,355
547,496	27,355
547,596	27,354
547,696	27,354
547,796	27,355
547,896	27,355
547,996	27,355
548,096	27,355
548,196	27,355
548,296	27,356
548,396	27,356
548,496	27,356
548,596	27,356
548,696	27,356
548,796	27,356
548,896	27,356
548,996	27,356
549,096	27,356
549,196	27,356
549,296	27,357
549,396	27,357
549,496	27,357
549,596	27,356
549,696	27,356
549,796	27,356
549,896	27,356
549,996	27,356
550,096	27,356
550,196	27,356
550,296	27,356
550,396	27,356
550,496	27,356
550,596	27,356
550,696	27,356
550,797	27,357
550,897	27,357
550,997	27,357
551,097	27,357
551,197	27,357
551,297	27,357
551,397	27,357
551,497	27,357
551,597	27,357
551,697	27,357
551,797	27,359
551,897	27,359
551,997	27,359
552,097	27,359
552,197	27,359
552,297	27,360
552,397	27,360
552,497	27,360
552,597	27,360
552,697	27,360
552,797	27,359
552,897	27,359
552,997	27,359
553,097	27,359
553,197	27,359
553,297	27,359
553,397	27,359
553,497	27,359
553,597	27,359
553,697	27,359
553,797	27,358
553,897	27,358
553,997	27,358
554,097	27,357
554,197	27,357
554,297	27,357
554,397	27,357
554,497	27,357
554,597	27,358
554,697	27,358
554,797	27,360
554,897	27,360
554,997	27,360
555,097	27,360
555,197	27,360
555,297	27,360
555,397	27,360
555,497	27,360
555,597	27,360
555,697	27,360
555,797	27,360
555,897	27,360
555,997	27,360
556,097	27,360
556,197	27,360
556,297	27,361
556,397	27,361
556,497	27,361
556,597	27,361
556,697	27,361
556,797	27,360
556,897	27,360
556,997	27,360
557,097	27,361
557,197	27,361
557,297	27,362
557,397	27,362
557,497	27,362
557,597	27,362
557,697	27,362
557,797	27,362
557,897	27,363
557,996	27,363
558,096	27,364
558,196	27,364
558,296	27,364
558,396	27,364
558,496	27,364
558,596	27,363
558,696	27,363
558,796	27,363
558,896	27,364
558,996	27,364
559,096	27,364
559,196	27,364
559,296	27,364
559,396	27,364
559,496	27,364
559,596	27,364
559,696	27,364
559,796	27,364
559,896	27,364
559,996	27,364
560,096	27,364
560,196	27,364
560,296	27,364
560,396	27,364
560,496	27,364
560,596	27,363
560,696	27,363
560,796	27,363
560,896	27,364
560,996	27,364
561,096	27,363
561,196	27,363
561,296	27,363
561,396	27,362
561,496	27,362
561,596	27,361
561,696	27,361
561,796	27,361
561,896	27,361
561,996	27,361
562,096	27,361
562,196	27,361
562,296	27,361
562,396	27,360
562,496	27,360
562,596	27,360
562,696	27,360
562,796	27,360
562,896	27,360
562,996	27,360
563,096	27,360
563,196	27,360
563,296	27,360
563,396	27,359
563,496	27,359
563,596	27,359
563,696	27,359
563,796	27,359
563,896	27,358
563,996	27,358
564,096	27,358
564,196	27,358
564,296	27,358
564,396	27,358
564,496	27,358
564,596	27,358
564,696	27,358
564,796	27,358
564,896	27,358
564,996	27,358
565,096	27,357
565,196	27,357
565,296	27,357
565,396	27,357
565,496	27,357
565,596	27,356
565,696	27,356
565,796	27,356
565,896	27,357
565,996	27,357
566,096	27,357
566,196	27,357
566,296	27,357
566,396	27,357
566,496	27,357
566,596	27,356
566,696	27,356
566,796	27,356
566,896	27,357
566,996	27,357
567,096	27,359
567,196	27,359
567,296	27,359
567,396	27,359
567,496	27,359
567,596	27,359
567,696	27,359
567,796	27,359
567,896	27,360
567,996	27,360
568,096	27,360
568,196	27,360
568,297	27,360
568,397	27,360
568,497	27,360
568,597	27,360
568,697	27,360
568,797	27,360
568,897	27,361
568,997	27,361
569,097	27,362
569,197	27,362
569,297	27,362
569,397	27,362
569,497	27,362
569,597	27,362
569,697	27,362
569,797	27,362
569,897	27,362
569,997	27,362
570,097	27,363
570,197	27,363
570,297	27,363
570,397	27,363
570,497	27,363
570,597	27,363
570,697	27,363
570,797	27,363
570,897	27,362
570,997	27,362
571,097	27,362
571,197	27,362
571,297	27,362
571,397	27,361
571,497	27,361
571,597	27,361
571,697	27,361
571,797	27,361
571,897	27,362
571,997	27,362
572,097	27,362
572,197	27,362
572,297	27,362
572,397	27,362
572,497	27,362
572,597	27,362
572,697	27,361
572,797	27,361
572,897	27,361
572,997	27,361
573,097	27,361
573,197	27,361
573,297	27,361
573,397	27,360
573,497	27,360
573,597	27,360
573,697	27,359
573,797	27,359
573,897	27,360
573,997	27,360
574,097	27,360
574,197	27,361
574,297	27,361
574,397	27,361
574,497	27,361
574,597	27,361
574,697	27,360
574,797	27,360
574,897	27,360
574,997	27,360
575,097	27,360
575,197	27,360
575,297	27,360
575,397	27,360
575,496	27,360
575,596	27,360
575,696	27,359
575,796	27,359
575,896	27,360
575,996	27,360
576,096	27,360
576,196	27,359
576,296	27,359
576,396	27,358
576,496	27,358
576,596	27,358
576,696	27,358
576,796	27,358
576,896	27,359
576,996	27,359
577,096	27,359
577,196	27,359
577,296	27,359
577,396	27,360
577,496	27,360
577,596	27,360
577,696	27,360
577,796	27,360
577,896	27,360
577,996	27,360
578,096	27,360
578,196	27,360
578,296	27,360
578,396	27,361
578,496	27,361
578,596	27,361
578,696	27,361
578,796	27,361
578,896	27,362
578,996	27,362
579,096	27,362
579,196	27,362
579,296	27,362
579,396	27,362
579,496	27,362
579,596	27,362
579,696	27,361
579,796	27,361
579,896	27,360
579,996	27,360
580,096	27,360
580,196	27,360
580,296	27,360
580,396	27,361
580,496	27,361
580,596	27,361
580,696	27,361
580,796	27,361
580,896	27,360
580,996	27,360
581,096	27,360
581,197	27,361
581,299	27,361
581,401	27,361
581,503	27,361
581,605	27,361
581,707	27,361
581,809	27,361
581,911	27,362
582,013	27,362
582,115	27,362
582,216	27,361
582,316	27,361
582,416	27,360
582,516	27,360
582,616	27,360
582,716	27,360
582,816	27,360
582,916	27,361
583,016	27,361
583,116	27,361
583,216	27,361
583,316	27,361
583,416	27,360
583,516	27,360
583,616	27,360
583,716	27,360
583,816	27,360
583,916	27,359
584,016	27,359
584,116	27,359
584,216	27,360
584,316	27,360
584,416	27,360
584,516	27,360
584,616	27,360
584,716	27,360
584,816	27,360
584,916	27,360
585,016	27,360
585,116	27,360
585,216	27,361
585,316	27,361
585,416	27,363
585,516	27,363
585,616	27,363
585,717	27,363
585,817	27,363
585,917	27,363
586,017	27,363
586,117	27,363
586,217	27,363
586,317	27,363
586,417	27,362
586,517	27,362
586,617	27,362
586,717	27,361
586,817	27,361
586,917	27,360
587,017	27,360
587,117	27,360
587,217	27,360
587,317	27,360
587,417	27,360
587,517	27,360
587,617	27,360
587,717	27,360
587,817	27,360
587,917	27,360
588,017	27,360
588,117	27,360
588,217	27,359
588,317	27,359
588,417	27,359
588,517	27,359
588,617	27,359
588,717	27,359
588,817	27,359
588,917	27,359
589,017	27,358
589,117	27,358
589,217	27,359
589,317	27,359
589,417	27,359
589,517	27,359
589,617	27,359
589,717	27,359
589,817	27,359
589,917	27,359
590,017	27,359
590,117	27,359
590,217	27,359
590,317	27,359
590,417	27,359
590,517	27,359
590,617	27,359
590,717	27,359
590,817	27,359
590,917	27,359
591,017	27,359
591,117	27,359
591,217	27,360
591,317	27,360
591,417	27,360
591,517	27,360
591,617	27,360
591,717	27,360
591,817	27,360
591,917	27,360
592,017	27,361
592,117	27,361
592,217	27,360
592,317	27,360
592,417	27,360
592,517	27,359
592,617	27,359
592,717	27,359
592,817	27,359
592,917	27,359
593,016	27,359
593,116	27,359
593,216	27,360
593,316	27,360
593,416	27,360
593,516	27,360
593,616	27,360
593,716	27,359
593,816	27,359
593,916	27,359
594,016	27,360
594,116	27,360
594,216	27,361
594,316	27,361
594,416	27,361
594,516	27,361
594,616	27,361
594,716	27,361
594,816	27,361
594,916	27,361
595,016	27,360
595,116	27,360
595,216	27,358
595,316	27,358
595,416	27,358
595,516	27,358
595,616	27,358
595,716	27,356
595,816	27,356
595,916	27,356
596,016	27,356
596,116	27,356
596,216	27,356
596,316	27,356
596,416	27,356
596,516	27,356
596,616	27,356
596,716	27,356
596,816	27,356
596,916	27,356
597,016	27,356
597,116	27,356
597,216	27,356
597,316	27,356
597,416	27,356
597,516	27,355
597,616	27,355
597,716	27,355
597,816	27,355
597,916	27,355
598,016	27,355
598,116	27,355
598,216	27,355
598,316	27,355
598,416	27,355
598,516	27,354
598,616	27,354
598,716	27,354
598,816	27,354
598,916	27,354
599,016	27,353
599,116	27,353
599,216	27,353
599,316	27,353
599,416	27,353
599,516	27,354
599,616	27,354
599,716	27,355
599,816	27,355
599,916	27,355
600,016	27,355
600,116	27,355
600,216	27,356
600,316	27,356
600,416	27,356
600,516	27,357
600,616	27,357
600,716	27,357
600,816	27,359
600,916	27,359
601,016	27,360
601,116	27,360
601,216	27,360
601,316	27,360
601,416	27,360
601,517	27,360
601,617	27,360
601,717	27,360
601,817	27,360
601,917	27,360
602,017	27,360
602,117	27,360
602,217	27,360
602,317	27,360
602,417	27,360
602,517	27,361
602,617	27,361
602,717	27,361
602,817	27,360
602,917	27,360
603,017	27,360
603,117	27,360
