0,000	27,938
0,100	27,939
0,202	27,939
0,304	27,939
0,406	27,939
0,508	27,939
0,610	27,939
0,712	27,939
0,814	27,939
0,916	27,939
1,018	27,939
1,120	27,938
1,222	27,938
1,324	27,938
1,426	27,938
1,528	27,938
1,630	27,938
1,731	27,938
1,833	27,938
1,935	27,938
2,037	27,938
2,140	27,936
2,242	27,936
2,344	27,935
2,446	27,935
2,548	27,935
2,650	27,932
2,752	27,932
2,854	27,929
2,956	27,929
3,058	27,929
3,160	27,927
3,262	27,927
3,364	27,925
3,466	27,925
3,569	27,925
3,670	27,922
3,772	27,922
3,874	27,919
3,976	27,919
4,077	27,917
4,178	27,917
4,280	27,917
4,382	27,915
4,484	27,915
4,585	27,912
4,687	27,912
4,789	27,912
4,891	27,907
4,993	27,907
5,095	27,905
5,197	27,905
5,299	27,905
5,401	27,903
5,503	27,903
5,605	27,899
5,707	27,899
5,809	27,899
5,911	27,896
6,013	27,896
6,121	27,893
6,223	27,893
6,323	27,893
6,423	27,891
6,523	27,891
6,624	27,890
6,726	27,890
6,828	27,890
6,930	27,889
7,032	27,889
7,134	27,888
7,236	27,888
7,338	27,885
7,440	27,885
7,542	27,885
7,644	27,882
7,746	27,882
7,848	27,879
7,950	27,879
8,052	27,879
8,154	27,877
8,256	27,877
8,358	27,875
8,460	27,875
8,562	27,875
8,664	27,872
8,767	27,872
8,869	27,871
8,971	27,871
9,073	27,871
9,175	27,870
9,277	27,870
9,379	27,867
9,481	27,867
9,583	27,867
9,685	27,865
9,787	27,865
9,889	27,863
9,991	27,863
10,093	27,862
10,195	27,862
10,297	27,862
10,399	27,862
10,501	27,862
10,603	27,860
10,705	27,860
10,807	27,860
10,909	27,859
11,011	27,859
11,113	27,857
11,215	27,857
11,317	27,857
11,419	27,855
11,521	27,855
11,623	27,854
11,725	27,854
11,827	27,854
11,929	27,854
12,031	27,854
12,133	27,853
12,235	27,853
12,337	27,853
12,439	27,853
12,541	27,853
12,643	27,853
12,745	27,853
12,847	27,853
12,949	27,851
13,051	27,851
13,153	27,850
13,255	27,850
13,357	27,850
13,459	27,849
13,561	27,849
13,663	27,848
13,764	27,848
13,864	27,847
13,964	27,847
14,064	27,847
14,165	27,846
14,267	27,846
14,369	27,847
14,471	27,847
14,573	27,847
14,675	27,847
14,777	27,847
14,879	27,847
14,981	27,847
15,083	27,847
15,185	27,848
15,287	27,848
15,389	27,849
15,491	27,849
15,593	27,849
15,695	27,849
15,797	27,849
15,899	27,849
16,001	27,849
16,103	27,849
16,205	27,848
16,307	27,848
16,409	27,847
16,511	27,847
16,613	27,847
16,715	27,846
16,817	27,846
16,919	27,845
17,021	27,845
17,123	27,845
17,225	27,844
17,327	27,844
17,429	27,842
17,531	27,842
17,633	27,841
17,735	27,841
17,837	27,841
17,939	27,841
18,041	27,841
18,143	27,840
18,245	27,840
18,347	27,840
18,449	27,839
18,551	27,839
18,653	27,838
18,755	27,838
18,857	27,838
18,959	27,838
19,061	27,838
19,163	27,837
19,265	27,837
19,367	27,837
19,469	27,836
19,571	27,836
19,673	27,835
19,775	27,835
19,877	27,835
19,979	27,833
20,081	27,833
20,184	27,832
20,286	27,832
20,388	27,832
20,490	27,831
20,592	27,831
20,694	27,830
20,796	27,830
20,898	27,828
21,000	27,828
21,102	27,828
21,204	27,828
21,306	27,828
21,408	27,829
21,510	27,829
21,612	27,829
21,714	27,829
21,816	27,829
21,918	27,829
22,019	27,829
22,121	27,829
22,223	27,829
22,325	27,829
22,427	27,829
22,530	27,829
22,632	27,829
22,734	27,827
22,836	27,827
22,938	27,826
23,040	27,826
23,142	27,826
23,244	27,825
23,346	27,825
23,448	27,825
23,550	27,825
23,652	27,825
23,754	27,825
23,856	27,825
23,958	27,824
24,060	27,824
24,162	27,824
24,264	27,824
24,366	27,824
24,468	27,824
24,570	27,824
24,672	27,824
24,774	27,824
24,876	27,824
24,978	27,823
25,080	27,823
25,182	27,824
25,284	27,824
25,386	27,824
25,488	27,824
25,590	27,824
25,692	27,824
25,794	27,824
25,896	27,824
25,998	27,823
26,100	27,823
26,202	27,822
26,305	27,822
26,407	27,822
26,509	27,821
26,611	27,821
26,713	27,820
26,815	27,820
26,917	27,820
27,019	27,819
27,121	27,819
27,223	27,818
27,325	27,818
27,427	27,817
27,528	27,817
27,628	27,817
27,731	27,817
27,833	27,817
27,935	27,818
28,037	27,818
28,139	27,818
28,241	27,818
28,343	27,818
28,445	27,817
28,547	27,817
28,649	27,817
28,751	27,816
28,853	27,816
28,955	27,814
29,057	27,814
29,159	27,814
29,261	27,813
29,363	27,813
29,465	27,813
29,567	27,813
29,669	27,813
29,771	27,813
29,873	27,813
29,975	27,813
30,077	27,813
30,179	27,813
30,281	27,814
30,383	27,814
30,485	27,814
30,587	27,814
30,689	27,814
30,791	27,814
30,893	27,814
30,995	27,814
31,097	27,814
31,199	27,814
31,301	27,814
31,403	27,814
31,505	27,814
31,607	27,814
31,709	27,814
31,811	27,814
31,913	27,814
32,015	27,813
32,117	27,813
32,219	27,812
32,321	27,812
32,423	27,812
32,525	27,812
32,627	27,812
32,729	27,810
32,831	27,810
32,933	27,810
33,035	27,808
33,137	27,808
33,239	27,809
33,341	27,809
33,443	27,808
33,545	27,808
33,647	27,808
33,749	27,807
33,851	27,807
33,953	27,807
34,055	27,807
34,157	27,807
34,259	27,806
34,361	27,806
34,463	27,806
34,565	27,806
34,667	27,806
34,769	27,806
34,871	27,806
34,973	27,807
35,075	27,807
35,177	27,807
35,279	27,807
35,381	27,807
35,483	27,807
35,585	27,807
35,687	27,807
35,789	27,806
35,891	27,806
35,993	27,804
36,095	27,804
36,197	27,804
36,299	27,805
36,401	27,805
36,503	27,805
36,605	27,805
36,707	27,805
36,809	27,804
36,911	27,804
37,013	27,803
37,115	27,803
37,217	27,804
37,319	27,804
37,421	27,804
37,523	27,804
37,625	27,804
37,727	27,805
37,829	27,805
37,931	27,805
38,033	27,804
38,135	27,804
38,237	27,804
38,339	27,804
38,441	27,804
38,543	27,804
38,645	27,804
38,747	27,803
38,849	27,803
38,951	27,803
39,053	27,803
39,155	27,803
39,257	27,803
39,359	27,803
39,461	27,803
39,562	27,802
39,664	27,802
39,766	27,801
39,868	27,801
39,970	27,801
40,072	27,800
40,174	27,800
40,276	27,800
40,378	27,800
40,480	27,799
40,582	27,799
40,684	27,799
40,786	27,798
40,888	27,798
40,990	27,797
41,092	27,797
41,194	27,797
41,296	27,797
41,398	27,797
41,500	27,796
41,602	27,796
41,704	27,796
41,806	27,796
41,908	27,796
42,010	27,797
42,112	27,797
42,214	27,797
42,316	27,796
42,418	27,796
42,520	27,795
42,622	27,795
42,724	27,795
42,826	27,794
42,928	27,794
43,030	27,795
43,132	27,795
43,234	27,795
43,336	27,795
43,438	27,795
43,540	27,796
43,642	27,796
43,745	27,796
43,847	27,796
43,949	27,796
44,051	27,796
44,153	27,796
44,255	27,796
44,357	27,796
44,459	27,796
44,561	27,794
44,663	27,794
44,765	27,794
44,867	27,794
44,969	27,794
45,071	27,793
45,173	27,793
45,275	27,792
45,377	27,792
45,479	27,792
45,581	27,793
45,683	27,793
45,785	27,793
45,887	27,793
45,989	27,793
46,091	27,792
46,193	27,792
46,295	27,792
46,397	27,792
46,499	27,794
46,601	27,794
46,703	27,794
46,805	27,793
46,907	27,793
47,009	27,792
47,111	27,792
47,213	27,792
47,315	27,791
47,417	27,791
47,519	27,790
47,621	27,790
47,723	27,790
47,825	27,789
47,927	27,789
48,029	27,788
48,131	27,788
48,233	27,788
48,335	27,786
48,437	27,786
48,539	27,785
48,641	27,785
48,743	27,785
48,845	27,785
48,947	27,785
49,049	27,786
49,151	27,786
49,253	27,786
49,355	27,787
49,457	27,787
49,559	27,786
49,661	27,786
49,763	27,785
49,865	27,785
49,967	27,785
50,069	27,785
50,171	27,785
50,273	27,784
50,375	27,784
50,477	27,784
50,579	27,784
50,681	27,784
50,783	27,783
50,885	27,783
50,987	27,783
51,089	27,783
51,191	27,783
51,293	27,783
51,395	27,783
51,497	27,783
51,599	27,783
51,701	27,783
51,803	27,783
51,905	27,783
52,007	27,783
52,109	27,782
52,211	27,782
52,313	27,780
52,415	27,780
52,517	27,780
52,619	27,779
52,721	27,779
52,823	27,779
52,925	27,779
53,027	27,780
53,129	27,780
53,231	27,780
53,333	27,780
53,435	27,780
53,537	27,781
53,639	27,781
53,741	27,781
53,843	27,780
53,945	27,780
54,047	27,779
54,149	27,779
54,251	27,779
54,353	27,778
54,455	27,778
54,557	27,778
54,659	27,778
54,761	27,778
54,863	27,777
54,965	27,777
55,067	27,778
55,169	27,778
55,271	27,778
55,373	27,778
55,475	27,778
55,577	27,778
55,679	27,778
55,781	27,778
55,883	27,778
55,985	27,778
56,087	27,779
56,189	27,779
56,291	27,778
56,393	27,778
56,495	27,778
56,597	27,777
56,699	27,777
56,801	27,777
56,903	27,777
57,004	27,777
57,106	27,777
57,208	27,777
57,310	27,777
57,412	27,777
57,514	27,777
57,616	27,777
57,718	27,777
57,820	27,776
57,922	27,776
58,024	27,776
58,126	27,775
58,228	27,775
58,330	27,774
58,432	27,774
58,534	27,774
58,636	27,773
58,738	27,773
58,840	27,773
58,942	27,773
59,044	27,773
59,146	27,773
59,248	27,773
59,350	27,774
59,452	27,774
59,554	27,775
59,656	27,775
59,758	27,775
59,860	27,774
59,962	27,774
60,064	27,774
60,166	27,774
60,268	27,774
60,370	27,775
60,472	27,775
60,574	27,775
60,676	27,775
60,778	27,775
60,880	27,776
60,982	27,776
61,084	27,775
61,187	27,775
61,289	27,775
61,391	27,774
61,493	27,774
61,595	27,773
61,697	27,773
61,799	27,773
61,901	27,773
62,003	27,773
62,105	27,773
62,207	27,773
62,309	27,773
62,411	27,773
62,513	27,773
62,615	27,771
62,717	27,771
62,819	27,770
62,921	27,770
63,023	27,770
63,125	27,770
63,227	27,770
63,329	27,770
63,431	27,770
63,533	27,770
63,635	27,769
63,737	27,769
63,839	27,768
63,941	27,768
64,043	27,768
64,145	27,767
64,247	27,767
64,349	27,767
64,451	27,767
64,553	27,767
64,655	27,765
64,757	27,765
64,859	27,765
64,961	27,765
65,063	27,765
65,165	27,765
65,267	27,765
65,369	27,765
65,471	27,765
65,573	27,766
65,675	27,766
65,777	27,766
65,879	27,765
65,981	27,765
66,083	27,765
66,185	27,765
66,287	27,765
66,389	27,765
66,491	27,765
66,593	27,765
66,695	27,765
66,797	27,765
66,899	27,764
67,001	27,764
67,103	27,764
67,205	27,764
67,307	27,764
67,409	27,764
67,511	27,764
67,613	27,765
67,715	27,765
67,817	27,765
67,919	27,765
68,021	27,765
68,123	27,763
68,225	27,763
68,327	27,763
68,429	27,763
68,531	27,763
68,633	27,764
68,735	27,764
68,837	27,763
68,939	27,763
69,041	27,763
69,143	27,761
69,245	27,761
69,347	27,761
69,449	27,761
69,551	27,761
69,653	27,762
69,755	27,762
69,857	27,763
69,959	27,763
70,061	27,763
70,163	27,764
70,265	27,764
70,367	27,763
70,469	27,763
70,571	27,763
70,673	27,763
70,775	27,763
70,877	27,763
70,979	27,763
71,081	27,763
71,183	27,762
71,285	27,762
71,387	27,760
71,489	27,760
71,591	27,760
71,693	27,759
71,795	27,759
71,897	27,760
71,999	27,760
72,101	27,760
72,203	27,760
72,305	27,760
72,407	27,760
72,509	27,760
72,611	27,760
72,713	27,760
72,815	27,760
72,917	27,760
73,019	27,760
73,121	27,760
73,223	27,760
73,325	27,760
73,427	27,758
73,529	27,758
73,631	27,757
73,733	27,757
73,835	27,757
73,937	27,756
74,039	27,756
74,141	27,757
74,243	27,757
74,345	27,757
74,447	27,758
74,548	27,758
74,650	27,757
74,752	27,757
74,854	27,757
74,956	27,756
75,058	27,756
75,160	27,756
75,262	27,756
75,364	27,756
75,466	27,757
75,568	27,757
75,670	27,758
75,772	27,758
75,874	27,758
75,976	27,758
76,078	27,758
76,180	27,758
76,282	27,758
76,384	27,758
76,486	27,758
76,588	27,758
76,690	27,757
76,792	27,757
76,894	27,756
76,996	27,756
77,098	27,756
77,200	27,756
77,302	27,756
77,404	27,756
77,506	27,756
77,608	27,756
77,710	27,755
77,812	27,755
77,914	27,756
78,016	27,756
78,118	27,756
78,220	27,755
78,322	27,755
78,424	27,754
78,526	27,754
78,628	27,754
78,731	27,753
78,833	27,753
78,935	27,753
79,037	27,753
79,139	27,753
79,241	27,753
79,343	27,753
79,445	27,753
79,547	27,753
79,649	27,753
79,751	27,753
79,853	27,753
79,955	27,752
80,057	27,752
80,159	27,751
80,261	27,751
80,363	27,751
80,465	27,750
80,567	27,750
80,669	27,750
80,771	27,750
80,873	27,750
80,975	27,750
81,077	27,750
81,179	27,749
81,281	27,749
81,383	27,749
81,485	27,748
81,587	27,748
81,689	27,749
81,791	27,749
81,893	27,749
81,995	27,748
82,097	27,748
82,199	27,748
82,301	27,748
82,403	27,748
82,505	27,748
82,607	27,748
82,709	27,747
82,811	27,747
82,913	27,747
83,015	27,747
83,117	27,747
83,219	27,748
83,321	27,748
83,423	27,748
83,525	27,748
83,627	27,748
83,729	27,748
83,831	27,748
83,933	27,747
84,035	27,747
84,137	27,747
84,239	27,747
84,341	27,747
84,443	27,747
84,545	27,747
84,647	27,747
84,749	27,746
84,851	27,746
84,953	27,746
85,055	27,746
85,157	27,747
85,259	27,747
85,361	27,747
85,463	27,747
85,565	27,747
85,667	27,746
85,769	27,746
85,871	27,746
85,973	27,746
86,075	27,746
86,177	27,745
86,279	27,745
86,381	27,745
86,483	27,744
86,585	27,744
86,687	27,745
86,789	27,745
86,891	27,745
86,993	27,746
87,095	27,746
87,197	27,746
87,299	27,746
87,401	27,746
87,503	27,746
87,605	27,746
87,707	27,746
87,809	27,746
87,911	27,746
88,013	27,748
88,115	27,748
88,217	27,749
88,319	27,749
88,421	27,748
88,523	27,748
88,625	27,748
88,727	27,748
88,829	27,748
88,931	27,749
89,033	27,749
89,135	27,749
89,237	27,749
89,339	27,749
89,441	27,749
89,543	27,749
89,645	27,749
89,747	27,749
89,849	27,749
89,951	27,749
90,053	27,749
90,155	27,749
90,257	27,749
90,359	27,749
90,461	27,748
90,563	27,748
90,665	27,748
90,767	27,747
90,869	27,747
90,971	27,747
91,073	27,747
91,175	27,747
91,277	27,747
91,379	27,747
91,481	27,747
91,583	27,747
91,685	27,746
91,787	27,746
91,889	27,746
91,990	27,746
92,092	27,746
92,194	27,746
92,296	27,746
92,398	27,746
92,500	27,744
92,602	27,744
92,704	27,744
92,806	27,744
92,908	27,744
93,010	27,744
93,112	27,744
93,214	27,744
93,316	27,744
93,418	27,744
93,520	27,743
93,622	27,743
93,724	27,743
93,826	27,743
93,928	27,743
94,030	27,743
94,132	27,743
94,234	27,743
94,336	27,743
94,438	27,743
94,540	27,743
94,642	27,743
94,744	27,742
94,846	27,742
94,948	27,741
95,050	27,741
95,152	27,741
95,254	27,741
95,356	27,741
95,458	27,741
95,560	27,741
95,662	27,741
95,764	27,741
95,866	27,741
95,968	27,741
96,070	27,741
96,173	27,741
96,275	27,740
96,377	27,740
96,479	27,738
96,581	27,738
96,683	27,738
96,785	27,737
96,887	27,737
96,989	27,737
97,091	27,737
97,193	27,737
97,295	27,738
97,397	27,738
97,499	27,738
97,601	27,738
97,703	27,738
97,805	27,739
97,907	27,739
98,009	27,739
98,111	27,739
98,213	27,738
98,315	27,738
98,417	27,738
98,519	27,737
98,621	27,737
98,723	27,736
98,825	27,736
98,927	27,736
99,029	27,736
99,131	27,736
99,233	27,737
99,335	27,737
99,437	27,737
99,539	27,738
99,641	27,738
99,743	27,737
99,845	27,737
99,947	27,737
100,049	27,736
100,151	27,736
100,253	27,735
100,355	27,735
100,457	27,734
100,559	27,734
100,661	27,734
100,763	27,733
100,865	27,733
100,967	27,733
101,069	27,734
101,171	27,734
101,273	27,734
101,375	27,734
101,477	27,734
101,579	27,734
101,681	27,734
101,783	27,734
101,885	27,734
101,987	27,735
102,089	27,735
102,191	27,735
102,293	27,736
102,395	27,736
102,497	27,736
102,599	27,736
102,701	27,736
102,803	27,736
102,905	27,736
103,007	27,737
103,109	27,737
103,211	27,737
103,313	27,738
103,415	27,738
103,517	27,738
103,619	27,738
103,721	27,738
103,823	27,738
103,925	27,738
104,027	27,739
104,129	27,739
104,231	27,739
104,333	27,739
104,435	27,739
104,537	27,738
104,639	27,738
104,741	27,737
104,843	27,737
104,945	27,737
105,047	27,736
105,149	27,736
105,251	27,736
105,353	27,736
105,455	27,736
105,556	27,736
105,657	27,736
105,759	27,736
105,861	27,736
105,963	27,736
106,065	27,737
106,167	27,737
106,269	27,738
106,371	27,738
106,473	27,738
106,575	27,738
106,677	27,738
106,779	27,737
106,881	27,737
106,983	27,737
107,085	27,737
107,187	27,737
107,289	27,737
107,391	27,737
107,493	27,737
107,595	27,737
107,697	27,737
107,799	27,737
107,901	27,737
108,003	27,736
108,105	27,736
108,207	27,736
108,309	27,737
108,411	27,737
108,513	27,737
108,615	27,737
108,717	27,737
108,819	27,736
108,921	27,736
109,023	27,736
109,125	27,736
109,227	27,736
109,329	27,736
109,430	27,736
109,532	27,736
109,634	27,736
109,736	27,736
109,838	27,736
109,940	27,736
110,042	27,736
110,144	27,736
110,246	27,736
110,348	27,736
110,450	27,736
110,552	27,736
110,654	27,736
110,756	27,736
110,858	27,735
110,960	27,735
111,062	27,734
111,164	27,734
111,266	27,733
111,368	27,733
111,470	27,733
111,572	27,733
111,674	27,733
111,776	27,733
111,878	27,733
111,980	27,733
112,082	27,733
112,184	27,733
112,286	27,734
112,388	27,734
112,490	27,734
112,592	27,734
112,694	27,734
112,796	27,734
112,898	27,734
113,000	27,734
113,102	27,733
113,204	27,733
113,306	27,733
113,408	27,733
113,510	27,733
113,612	27,734
113,715	27,734
113,817	27,734
113,919	27,734
114,021	27,734
114,123	27,735
114,225	27,735
114,327	27,736
114,429	27,736
114,531	27,738
114,633	27,738
114,735	27,738
114,837	27,740
114,939	27,740
115,041	27,743
115,143	27,743
115,245	27,743
115,347	27,745
115,449	27,745
115,551	27,747
115,653	27,747
115,755	27,747
115,857	27,749
115,959	27,749
116,061	27,751
116,163	27,751
116,265	27,751
116,367	27,754
116,469	27,754
116,571	27,757
116,673	27,757
116,775	27,757
116,877	27,759
116,979	27,759
117,081	27,761
117,183	27,761
117,285	27,761
117,387	27,762
117,489	27,762
117,591	27,764
117,693	27,764
117,795	27,764
117,897	27,764
117,999	27,764
118,101	27,764
118,203	27,764
118,305	27,765
118,407	27,765
118,509	27,765
118,611	27,767
118,713	27,767
118,815	27,769
118,917	27,769
119,019	27,769
119,121	27,770
119,223	27,770
119,325	27,773
119,427	27,773
119,529	27,773
119,631	27,774
119,733	27,774
119,835	27,775
119,937	27,775
120,039	27,775
120,141	27,775
120,243	27,775
120,345	27,775
120,447	27,775
120,549	27,775
120,651	27,775
120,753	27,775
120,855	27,776
120,957	27,776
121,059	27,777
121,161	27,777
121,263	27,777
121,365	27,778
121,467	27,778
121,569	27,779
121,671	27,779
121,773	27,779
121,875	27,780
121,977	27,780
122,079	27,782
122,181	27,782
122,283	27,782
122,385	27,782
122,487	27,782
122,589	27,783
122,691	27,783
122,793	27,783
122,895	27,784
122,997	27,784
123,099	27,785
123,201	27,785
123,303	27,785
123,405	27,787
123,507	27,787
123,609	27,789
123,711	27,789
123,813	27,793
123,915	27,793
124,017	27,793
124,119	27,796
124,221	27,796
124,323	27,800
124,425	27,800
124,527	27,800
124,629	27,806
124,731	27,806
124,833	27,811
124,935	27,811
125,037	27,811
125,139	27,815
125,241	27,815
125,343	27,818
125,445	27,818
125,547	27,818
125,649	27,822
125,751	27,822
125,853	27,827
125,955	27,827
126,057	27,827
126,159	27,831
126,261	27,831
126,363	27,836
126,465	27,836
126,567	27,836
126,669	27,840
126,771	27,840
126,873	27,845
126,974	27,845
127,076	27,845
127,178	27,851
127,280	27,851
127,382	27,857
127,484	27,857
127,586	27,863
127,688	27,863
127,790	27,863
127,892	27,869
127,994	27,869
128,096	27,874
128,198	27,874
128,300	27,874
128,402	27,878
128,504	27,878
128,606	27,883
128,708	27,883
128,810	27,883
128,912	27,886
129,014	27,886
129,116	27,889
129,218	27,889
129,320	27,889
129,422	27,892
129,524	27,892
129,626	27,895
129,728	27,895
129,830	27,895
129,932	27,899
130,034	27,899
130,136	27,905
130,238	27,905
130,340	27,905
130,442	27,912
130,544	27,912
130,646	27,920
130,748	27,920
130,850	27,930
130,952	27,930
131,054	27,930
131,157	27,939
131,259	27,939
131,361	27,948
131,463	27,948
131,565	27,948
131,667	27,955
131,769	27,955
131,871	27,960
131,973	27,960
132,075	27,960
132,177	27,969
132,279	27,969
132,381	27,981
132,483	27,981
132,585	27,981
132,685	27,993
132,785	27,993
132,885	28,005
132,987	28,005
133,089	28,005
133,191	28,016
133,293	28,016
133,395	28,024
133,497	28,024
133,599	28,024
133,701	28,030
133,803	28,030
133,905	28,037
134,007	28,037
134,109	28,040
134,211	28,040
134,313	28,040
134,415	28,043
134,517	28,043
134,619	28,044
134,721	28,044
134,823	28,044
134,925	28,044
135,027	28,044
135,129	28,044
135,231	28,044
135,333	28,044
135,435	28,043
135,537	28,043
135,639	28,042
135,741	28,042
135,843	28,042
135,945	28,040
136,047	28,040
136,149	28,041
136,251	28,041
136,353	28,041
136,455	28,044
136,557	28,044
136,659	28,051
136,761	28,051
136,863	28,051
136,965	28,061
137,067	28,061
137,169	28,075
137,271	28,075
137,373	28,094
137,475	28,094
137,577	28,094
137,679	28,114
137,781	28,114
137,883	28,133
137,985	28,133
138,087	28,133
138,189	28,150
138,291	28,150
138,393	28,163
138,495	28,163
138,597	28,163
138,699	28,173
138,801	28,173
138,903	28,180
139,005	28,180
139,107	28,180
139,209	28,185
139,311	28,185
139,413	28,191
139,515	28,191
139,617	28,199
139,719	28,199
139,821	28,199
139,923	28,208
140,025	28,208
140,127	28,218
140,229	28,218
140,331	28,218
140,433	28,227
140,535	28,227
140,637	28,235
140,739	28,235
140,841	28,235
140,943	28,242
141,045	28,242
141,147	28,248
141,249	28,248
141,351	28,248
141,453	28,256
141,555	28,256
141,657	28,272
141,759	28,272
141,861	28,272
141,963	28,293
142,065	28,293
142,167	28,315
142,269	28,315
142,371	28,315
142,473	28,333
142,575	28,333
142,677	28,343
142,779	28,343
142,881	28,343
142,983	28,347
143,085	28,347
143,187	28,348
143,289	28,348
143,391	28,344
143,493	28,344
143,595	28,344
143,697	28,337
143,799	28,337
143,901	28,329
144,003	28,329
144,105	28,329
144,207	28,321
144,309	28,321
144,410	28,313
144,512	28,313
144,614	28,313
144,716	28,305
144,818	28,305
144,920	28,298
145,022	28,298
145,124	28,298
145,226	28,290
145,328	28,290
145,430	28,285
145,532	28,285
145,634	28,285
145,736	28,280
145,838	28,280
145,940	28,276
146,042	28,276
146,144	28,276
146,246	28,273
146,348	28,273
146,450	28,269
146,552	28,269
146,654	28,269
146,756	28,265
146,858	28,265
146,960	28,263
147,062	28,263
147,164	28,260
147,266	28,260
147,368	28,260
147,470	28,259
147,572	28,259
147,674	28,260
147,776	28,260
147,878	28,260
147,980	28,260
148,082	28,260
148,184	28,262
148,286	28,262
148,388	28,262
148,490	28,263
148,592	28,263
148,695	28,265
148,797	28,265
148,899	28,265
149,001	28,267
149,103	28,267
149,205	28,268
149,307	28,268
149,409	28,268
149,511	28,267
149,613	28,267
149,715	28,267
149,817	28,267
149,919	28,267
150,021	28,268
150,123	28,268
150,225	28,268
150,327	28,268
150,429	28,268
150,531	28,268
150,633	28,268
150,735	28,268
150,837	28,268
150,939	28,268
151,041	28,268
151,143	28,268
151,245	28,268
151,347	28,268
151,449	28,269
151,551	28,269
151,653	28,269
151,755	28,270
151,857	28,270
151,959	28,273
152,061	28,273
152,163	28,273
152,265	28,276
152,367	28,276
152,469	28,278
152,571	28,278
152,673	28,278
152,775	28,281
152,877	28,281
152,979	28,284
153,081	28,284
153,183	28,284
153,285	28,288
153,387	28,288
153,489	28,293
153,591	28,293
153,693	28,297
153,795	28,297
153,897	28,297
153,999	28,301
154,101	28,301
154,203	28,307
154,305	28,307
154,407	28,307
154,509	28,313
154,611	28,313
154,713	28,318
154,815	28,318
154,917	28,318
155,019	28,321
155,121	28,321
155,223	28,324
155,325	28,324
155,427	28,324
155,529	28,326
155,631	28,326
155,733	28,328
155,835	28,328
155,937	28,328
156,039	28,330
156,141	28,330
156,243	28,334
156,345	28,334
156,447	28,334
156,549	28,338
156,651	28,338
156,753	28,346
156,855	28,346
156,957	28,355
157,059	28,355
157,161	28,355
157,263	28,364
157,365	28,364
157,467	28,373
157,569	28,373
157,671	28,373
157,773	28,380
157,875	28,380
157,977	28,385
158,079	28,385
158,181	28,385
158,283	28,390
158,385	28,390
158,487	28,395
158,589	28,395
158,691	28,395
158,793	28,399
158,895	28,399
158,997	28,404
159,099	28,404
159,201	28,409
159,303	28,409
159,405	28,409
159,507	28,414
159,609	28,414
159,711	28,414
159,813	28,419
159,915	28,419
160,017	28,425
160,119	28,425
160,221	28,430
160,323	28,430
160,425	28,430
160,527	28,435
160,629	28,435
160,731	28,438
160,833	28,438
160,935	28,438
161,037	28,440
161,139	28,440
161,241	28,445
161,343	28,445
161,445	28,445
161,547	28,454
161,649	28,454
161,751	28,465
161,853	28,465
161,954	28,465
162,056	28,481
162,158	28,481
162,260	28,502
162,362	28,502
162,464	28,502
162,566	28,524
162,668	28,524
162,770	28,546
162,872	28,546
162,974	28,567
163,076	28,567
163,178	28,567
163,280	28,587
163,382	28,587
163,484	28,605
163,586	28,605
163,688	28,605
163,790	28,617
163,892	28,617
163,994	28,624
164,096	28,624
164,198	28,624
164,300	28,628
164,402	28,628
164,504	28,626
164,606	28,626
164,708	28,626
164,810	28,622
164,912	28,622
165,014	28,619
165,116	28,619
165,218	28,619
165,320	28,615
165,422	28,615
165,524	28,614
165,626	28,614
165,728	28,614
165,830	28,615
165,932	28,615
166,034	28,617
166,137	28,617
166,239	28,617
166,341	28,617
166,443	28,617
166,545	28,618
166,647	28,618
166,749	28,619
166,851	28,619
166,953	28,619
167,055	28,619
167,157	28,619
167,259	28,618
167,361	28,618
167,463	28,618
167,565	28,616
167,667	28,616
167,769	28,615
167,871	28,615
167,973	28,615
168,075	28,613
168,177	28,613
168,279	28,611
168,381	28,611
168,483	28,611
168,585	28,609
168,687	28,609
168,789	28,610
168,891	28,610
168,993	28,610
169,095	28,615
169,197	28,615
169,299	28,619
169,401	28,619
169,503	28,622
169,605	28,622
169,707	28,622
169,809	28,625
169,911	28,625
170,013	28,628
170,115	28,628
170,217	28,628
170,319	28,630
170,421	28,630
170,523	28,632
170,625	28,632
170,727	28,632
170,829	28,634
170,931	28,634
171,033	28,635
171,135	28,635
171,237	28,635
171,339	28,636
171,441	28,636
171,543	28,636
171,645	28,636
171,747	28,636
171,849	28,636
171,951	28,636
172,053	28,636
172,155	28,636
172,257	28,636
172,359	28,638
172,461	28,638
172,563	28,643
172,665	28,643
172,767	28,647
172,869	28,647
172,971	28,647
173,073	28,652
173,175	28,652
173,277	28,657
173,379	28,657
173,481	28,657
173,583	28,663
173,685	28,663
173,787	28,666
173,889	28,666
173,991	28,666
174,093	28,670
174,195	28,670
174,297	28,674
174,399	28,674
174,501	28,674
174,603	28,679
174,705	28,679
174,807	28,687
174,909	28,687
175,011	28,687
175,113	28,697
175,215	28,697
175,317	28,708
175,419	28,708
175,521	28,720
175,623	28,720
175,725	28,720
175,827	28,733
175,929	28,733
176,031	28,744
176,133	28,744
176,235	28,744
176,337	28,753
176,439	28,753
176,541	28,761
176,643	28,761
176,745	28,761
176,847	28,765
176,949	28,765
177,051	28,769
177,153	28,769
177,255	28,769
177,357	28,772
177,459	28,772
177,561	28,774
177,663	28,774
177,765	28,774
177,867	28,775
177,969	28,775
178,071	28,777
178,173	28,777
178,275	28,777
178,377	28,779
178,479	28,779
178,581	28,781
178,683	28,781
178,785	28,782
178,887	28,782
178,989	28,782
179,091	28,788
179,193	28,788
179,295	28,798
179,396	28,798
179,499	28,798
179,602	28,810
179,704	28,810
179,806	28,824
179,908	28,824
180,010	28,824
180,112	28,840
180,214	28,840
180,316	28,859
180,418	28,859
180,520	28,859
180,622	28,878
180,724	28,878
180,826	28,895
180,928	28,895
181,030	28,895
181,132	28,908
181,234	28,908
181,336	28,918
181,438	28,918
181,540	28,918
181,642	28,926
181,744	28,926
181,846	28,934
181,948	28,934
182,050	28,934
182,152	28,940
182,254	28,940
182,356	28,948
182,458	28,948
182,560	28,958
182,662	28,958
182,764	28,958
182,866	28,968
182,968	28,968
183,070	28,977
183,172	28,977
183,274	28,977
183,376	28,986
183,478	28,986
183,581	28,995
183,683	28,995
183,785	28,995
183,887	29,004
183,989	29,004
184,091	29,010
184,193	29,010
184,295	29,010
184,397	29,014
184,499	29,014
184,601	29,015
184,703	29,015
184,805	29,015
184,907	29,015
185,009	29,015
185,111	29,014
185,213	29,014
185,315	29,014
185,417	29,011
185,519	29,011
185,621	29,009
185,723	29,009
185,825	29,008
185,927	29,008
186,029	29,008
186,131	29,009
186,233	29,009
186,335	29,012
186,437	29,012
186,539	29,012
186,641	29,016
186,743	29,016
186,845	29,019
186,947	29,019
187,049	29,019
187,151	29,021
187,253	29,021
187,355	29,023
187,457	29,023
187,559	29,023
187,661	29,023
187,763	29,023
187,865	29,020
187,967	29,020
188,069	29,020
188,171	29,018
188,273	29,018
188,375	29,014
188,477	29,014
188,579	29,014
188,681	29,009
188,783	29,009
188,885	29,004
188,987	29,004
189,089	29,000
189,191	29,000
189,293	29,000
189,395	28,996
189,497	28,996
189,599	28,993
189,701	28,993
189,803	28,993
189,905	28,989
190,007	28,989
190,109	28,985
190,211	28,985
190,313	28,985
190,415	28,983
190,517	28,983
190,619	28,982
190,721	28,982
190,823	28,982
190,925	28,983
191,027	28,983
191,129	28,988
191,231	28,988
191,333	28,995
191,435	28,995
191,537	28,995
191,639	29,005
191,741	29,005
191,843	29,016
191,945	29,016
192,047	29,016
192,149	29,029
192,251	29,029
192,353	29,043
192,455	29,043
192,557	29,043
192,659	29,061
192,761	29,061
192,863	29,083
192,965	29,083
193,067	29,083
193,169	29,107
193,271	29,107
193,373	29,126
193,475	29,126
193,577	29,126
193,679	29,144
193,781	29,144
193,883	29,158
193,985	29,158
194,087	29,158
194,189	29,169
194,291	29,169
194,393	29,177
194,495	29,177
194,597	29,180
194,699	29,180
194,801	29,180
194,903	29,182
195,005	29,182
195,107	29,182
195,209	29,182
195,311	29,182
195,413	29,181
195,515	29,181
195,617	29,178
195,719	29,178
195,821	29,178
195,923	29,176
196,025	29,176
196,127	29,176
196,229	29,176
196,331	29,176
196,433	29,177
196,535	29,177
196,637	29,177
196,739	29,177
196,840	29,177
196,942	29,176
197,044	29,176
197,146	29,176
197,248	29,176
197,350	29,176
197,452	29,174
197,554	29,174
197,656	29,172
197,758	29,172
197,860	29,172
197,962	29,168
198,064	29,168
198,166	29,164
198,268	29,164
198,370	29,159
198,472	29,159
198,574	29,159
198,676	29,152
198,778	29,152
198,880	29,145
198,982	29,145
199,084	29,145
199,186	29,139
199,288	29,139
199,390	29,132
199,492	29,132
199,594	29,132
199,696	29,127
199,798	29,127
199,900	29,123
200,002	29,123
200,104	29,123
200,206	29,119
200,308	29,119
200,410	29,116
200,512	29,116
200,614	29,116
200,716	29,115
200,818	29,115
200,920	29,116
201,022	29,116
201,125	29,116
201,227	29,120
201,329	29,120
201,431	29,128
201,533	29,128
201,635	29,136
201,737	29,136
201,839	29,136
201,941	29,148
202,043	29,148
202,145	29,161
202,247	29,161
202,349	29,161
202,451	29,171
202,553	29,171
202,655	29,179
202,757	29,179
202,859	29,179
202,961	29,186
203,063	29,186
203,165	29,192
203,267	29,192
203,369	29,192
203,471	29,197
203,573	29,197
203,675	29,200
203,777	29,200
203,879	29,200
203,981	29,201
204,083	29,201
204,185	29,201
204,287	29,201
204,389	29,201
204,491	29,200
204,593	29,200
204,695	29,198
204,797	29,198
204,899	29,196
205,001	29,196
205,103	29,196
205,205	29,194
205,307	29,194
205,409	29,193
205,511	29,193
205,613	29,193
205,715	29,192
205,817	29,192
205,919	29,192
206,021	29,192
206,123	29,192
206,225	29,193
206,327	29,193
206,429	29,196
206,531	29,196
206,633	29,196
206,735	29,201
206,837	29,201
206,939	29,207
207,041	29,207
207,143	29,207
207,245	29,216
207,347	29,216
207,449	29,225
207,551	29,225
207,653	29,225
207,755	29,232
207,857	29,232
207,959	29,239
208,061	29,239
208,163	29,245
208,265	29,245
208,367	29,245
208,469	29,250
208,571	29,250
208,673	29,253
208,775	29,253
208,877	29,253
208,979	29,256
209,081	29,256
209,183	29,259
209,285	29,259
209,387	29,259
209,489	29,264
209,591	29,264
209,693	29,269
209,795	29,269
209,897	29,269
209,999	29,274
210,101	29,274
210,203	29,279
210,305	29,279
210,407	29,279
210,509	29,286
210,611	29,286
210,713	29,293
210,815	29,293
210,917	29,293
211,019	29,302
211,121	29,302
211,223	29,313
211,325	29,313
211,427	29,325
211,529	29,325
211,631	29,325
211,733	29,337
211,835	29,337
211,937	29,349
212,039	29,349
212,141	29,349
212,243	29,359
212,345	29,359
212,447	29,367
212,549	29,367
212,651	29,367
212,753	29,372
212,855	29,372
212,957	29,374
213,059	29,374
213,161	29,374
213,263	29,375
213,365	29,375
213,467	29,374
213,569	29,374
213,671	29,374
213,773	29,372
213,875	29,372
213,977	29,368
214,079	29,368
214,181	29,364
214,283	29,364
214,384	29,364
214,486	29,358
214,588	29,358
214,690	29,353
214,792	29,353
214,894	29,353
214,996	29,348
215,098	29,348
215,200	29,344
215,302	29,344
215,404	29,344
215,506	29,340
215,608	29,340
215,710	29,336
215,812	29,336
215,914	29,336
216,016	29,335
216,118	29,335
216,220	29,334
216,322	29,334
216,424	29,334
216,526	29,336
216,628	29,336
216,730	29,339
216,832	29,339
216,934	29,339
217,036	29,343
217,138	29,343
217,240	29,348
217,342	29,348
217,444	29,354
217,546	29,354
217,648	29,354
217,750	29,359
217,852	29,359
217,954	29,362
218,056	29,362
218,158	29,362
218,260	29,364
218,362	29,364
218,464	29,363
218,567	29,363
218,669	29,363
218,771	29,362
218,873	29,362
218,975	29,361
219,077	29,361
219,179	29,361
219,281	29,360
219,383	29,360
219,485	29,362
219,587	29,362
219,689	29,362
219,791	29,366
219,893	29,366
219,995	29,371
220,097	29,371
220,199	29,371
220,301	29,378
220,403	29,378
220,505	29,381
220,607	29,381
220,709	29,381
220,811	29,382
220,913	29,382
221,015	29,382
221,117	29,382
221,219	29,381
221,321	29,381
221,423	29,381
221,525	29,379
221,627	29,379
221,729	29,378
221,831	29,378
221,933	29,378
222,035	29,377
222,137	29,377
222,239	29,374
222,341	29,374
222,443	29,374
222,545	29,372
222,647	29,372
222,749	29,369
222,851	29,369
222,953	29,369
223,055	29,366
223,157	29,366
223,259	29,363
223,361	29,363
223,463	29,363
223,565	29,360
223,667	29,360
223,769	29,356
223,871	29,356
223,973	29,356
224,075	29,354
224,177	29,354
224,279	29,352
224,381	29,352
224,483	29,352
224,585	29,352
224,687	29,352
224,789	29,352
224,891	29,352
224,993	29,352
225,095	29,352
225,197	29,352
225,299	29,352
225,401	29,352
225,503	29,352
225,605	29,352
225,707	29,352
225,809	29,351
225,911	29,351
226,013	29,352
226,115	29,352
226,217	29,352
226,319	29,353
226,421	29,353
226,523	29,354
226,625	29,354
226,727	29,354
226,829	29,355
226,931	29,355
227,033	29,358
227,135	29,358
227,237	29,360
227,339	29,360
227,441	29,360
227,543	29,361
227,645	29,361
227,747	29,361
227,849	29,361
227,951	29,361
228,053	29,361
228,155	29,361
228,257	29,363
228,359	29,363
228,461	29,363
228,563	29,366
228,665	29,366
228,767	29,369
228,869	29,369
228,971	29,369
229,073	29,372
229,175	29,372
229,277	29,374
229,379	29,374
229,481	29,374
229,583	29,376
229,685	29,376
229,787	29,377
229,889	29,377
229,991	29,379
230,093	29,379
230,195	29,379
230,297	29,382
230,399	29,382
230,501	29,385
230,603	29,385
230,705	29,385
230,807	29,386
230,909	29,386
231,011	29,388
231,113	29,388
231,215	29,388
231,317	29,393
231,419	29,393
231,521	29,397
231,623	29,397
231,725	29,397
231,826	29,400
231,928	29,400
232,030	29,403
232,132	29,403
232,234	29,403
232,336	29,406
232,438	29,406
232,540	29,407
232,642	29,407
232,744	29,407
232,846	29,409
232,948	29,409
233,050	29,412
233,152	29,412
233,254	29,412
233,356	29,417
233,458	29,417
233,560	29,422
233,662	29,422
233,764	29,426
233,866	29,426
233,968	29,426
234,070	29,431
234,172	29,431
234,274	29,434
234,376	29,434
234,478	29,434
234,580	29,437
234,682	29,437
234,784	29,440
234,886	29,440
234,988	29,440
235,090	29,442
235,192	29,442
235,294	29,444
235,396	29,444
235,498	29,444
235,600	29,445
235,702	29,445
235,804	29,447
235,906	29,447
236,008	29,447
236,111	29,450
236,213	29,450
236,315	29,453
236,417	29,453
236,519	29,453
236,621	29,455
236,723	29,455
236,825	29,456
236,927	29,456
237,029	29,458
237,131	29,458
237,233	29,458
237,335	29,460
237,437	29,460
237,539	29,462
237,641	29,462
237,743	29,462
237,845	29,464
237,947	29,464
238,049	29,466
238,151	29,466
238,253	29,466
238,355	29,469
238,457	29,469
238,559	29,472
238,661	29,472
238,763	29,472
238,865	29,475
238,967	29,475
239,069	29,475
239,171	29,475
239,273	29,475
239,375	29,475
239,477	29,475
239,579	29,476
239,681	29,476
239,783	29,476
239,885	29,479
239,987	29,479
240,089	29,483
240,191	29,483
240,293	29,487
240,395	29,487
240,497	29,487
240,599	29,492
240,701	29,492
240,803	29,498
240,905	29,498
241,007	29,498
241,109	29,505
241,211	29,505
241,313	29,511
241,415	29,511
241,517	29,511
241,619	29,516
241,721	29,516
241,823	29,521
241,925	29,521
242,027	29,521
242,129	29,525
242,231	29,525
242,333	29,529
242,435	29,529
242,537	29,529
242,639	29,532
242,741	29,532
242,843	29,534
242,945	29,534
243,047	29,534
243,149	29,536
243,251	29,536
243,353	29,538
243,455	29,538
243,557	29,538
243,659	29,538
243,761	29,538
243,863	29,537
243,965	29,537
244,067	29,536
244,169	29,536
244,271	29,536
244,373	29,534
244,475	29,534
244,577	29,532
244,679	29,532
244,781	29,532
244,883	29,529
244,985	29,529
245,087	29,526
245,189	29,526
245,291	29,526
245,393	29,524
245,495	29,524
245,597	29,521
245,699	29,521
245,801	29,521
245,903	29,520
246,005	29,520
246,107	29,519
246,209	29,519
246,311	29,519
246,413	29,518
246,515	29,518
246,617	29,518
246,719	29,518
246,821	29,519
246,923	29,519
247,025	29,519
247,127	29,520
247,229	29,520
247,331	29,520
247,433	29,520
247,535	29,520
247,637	29,520
247,739	29,520
247,841	29,520
247,943	29,520
248,045	29,520
248,147	29,521
248,249	29,521
248,351	29,522
248,453	29,522
248,555	29,522
248,657	29,524
248,759	29,524
248,861	29,525
248,963	29,525
249,065	29,525
249,167	29,526
249,269	29,526
249,370	29,528
249,472	29,528
249,574	29,531
249,676	29,531
249,778	29,531
249,880	29,533
249,982	29,533
250,084	29,535
250,186	29,535
250,288	29,535
250,390	29,538
250,492	29,538
250,594	29,540
250,696	29,540
250,798	29,540
250,900	29,541
251,002	29,541
251,104	29,543
251,206	29,543
251,308	29,543
251,410	29,546
251,512	29,546
251,614	29,548
251,716	29,548
251,818	29,548
251,920	29,552
252,022	29,552
252,124	29,555
252,226	29,555
252,328	29,555
252,430	29,558
252,532	29,558
252,634	29,560
252,736	29,560
252,838	29,561
252,940	29,561
253,042	29,561
253,144	29,562
253,246	29,562
253,348	29,563
253,450	29,563
253,553	29,563
253,655	29,565
253,757	29,565
253,859	29,565
253,961	29,565
254,063	29,565
254,165	29,566
254,267	29,566
254,369	29,567
254,471	29,567
254,573	29,567
254,675	29,567
254,777	29,567
254,879	29,567
254,981	29,567
255,083	29,567
255,185	29,565
255,287	29,565
255,389	29,564
255,491	29,564
255,593	29,564
255,695	29,563
255,797	29,563
255,899	29,563
256,001	29,563
256,103	29,563
256,205	29,563
256,307	29,563
256,409	29,564
256,511	29,564
256,613	29,565
256,715	29,565
256,817	29,565
256,919	29,565
257,021	29,565
257,123	29,565
257,225	29,565
257,327	29,565
257,429	29,566
257,531	29,566
257,633	29,566
257,735	29,566
257,837	29,566
257,939	29,565
258,041	29,565
258,143	29,566
258,245	29,566
258,347	29,566
258,449	29,567
258,551	29,567
258,653	29,566
258,755	29,566
258,857	29,566
258,959	29,567
259,061	29,567
259,163	29,567
259,265	29,567
259,367	29,567
259,469	29,568
259,571	29,568
259,673	29,568
259,775	29,568
259,877	29,570
259,979	29,570
260,081	29,570
260,183	29,574
260,285	29,574
260,387	29,577
260,489	29,577
260,591	29,577
260,693	29,580
260,795	29,580
260,897	29,583
260,999	29,583
261,101	29,583
261,203	29,585
261,305	29,585
261,407	29,588
261,509	29,588
261,611	29,588
261,713	29,590
261,815	29,590
261,917	29,593
262,019	29,593
262,121	29,593
262,223	29,596
262,325	29,596
262,427	29,598
262,529	29,598
262,631	29,600
262,733	29,600
262,835	29,600
262,937	29,602
263,039	29,602
263,141	29,601
263,243	29,601
263,345	29,601
263,447	29,600
263,549	29,600
263,651	29,599
263,753	29,599
263,855	29,599
263,957	29,598
264,059	29,598
264,161	29,598
264,263	29,598
264,365	29,598
264,467	29,597
264,569	29,597
264,671	29,597
264,773	29,597
264,875	29,597
264,977	29,597
265,079	29,597
265,181	29,597
265,283	29,597
265,385	29,597
265,487	29,596
265,589	29,596
265,691	29,596
265,793	29,596
265,895	29,596
265,997	29,596
266,099	29,596
266,201	29,595
266,303	29,595
266,405	29,596
266,507	29,596
266,609	29,596
266,711	29,597
266,812	29,597
266,914	29,598
267,016	29,598
267,118	29,598
267,220	29,599
267,322	29,599
267,424	29,600
267,526	29,600
267,628	29,600
267,730	29,600
267,832	29,600
267,934	29,599
268,036	29,599
268,138	29,599
268,240	29,599
268,342	29,599
268,444	29,599
268,546	29,599
268,648	29,599
268,750	29,600
268,852	29,600
268,954	29,599
269,056	29,599
269,158	29,599
269,260	29,599
269,362	29,599
269,464	29,599
269,566	29,599
269,668	29,599
269,770	29,599
269,872	29,599
269,974	29,599
270,076	29,599
270,178	29,598
270,280	29,598
270,382	29,598
270,484	29,598
270,586	29,598
270,688	29,598
270,790	29,598
270,892	29,598
270,995	29,599
271,097	29,599
271,199	29,600
271,301	29,600
271,403	29,600
271,505	29,601
271,607	29,601
271,709	29,602
271,811	29,602
271,913	29,602
272,015	29,604
272,117	29,604
272,219	29,604
272,321	29,604
272,423	29,604
272,525	29,604
272,627	29,604
272,729	29,604
272,831	29,604
272,933	29,605
273,035	29,605
273,137	29,605
273,239	29,605
273,341	29,605
273,443	29,607
273,545	29,607
273,647	29,607
273,749	29,608
273,851	29,608
273,953	29,610
274,055	29,610
274,157	29,610
274,259	29,612
274,361	29,612
274,463	29,614
274,565	29,614
274,667	29,614
274,769	29,616
274,871	29,616
274,973	29,616
275,075	29,616
275,177	29,616
275,279	29,617
275,381	29,617
275,483	29,617
275,585	29,617
275,687	29,619
275,789	29,619
275,891	29,619
275,993	29,620
276,095	29,620
276,197	29,621
276,299	29,621
276,401	29,621
276,503	29,622
276,605	29,622
276,707	29,624
276,809	29,624
276,911	29,624
277,013	29,627
277,115	29,627
277,217	29,630
277,319	29,630
277,421	29,630
277,523	29,631
277,625	29,631
277,727	29,632
277,829	29,632
277,931	29,632
278,033	29,633
278,135	29,633
278,237	29,635
278,339	29,635
278,441	29,635
278,543	29,637
278,645	29,637
278,747	29,639
278,849	29,639
278,951	29,641
279,053	29,641
279,155	29,641
279,257	29,644
279,359	29,644
279,461	29,646
279,563	29,646
279,665	29,646
279,767	29,648
279,869	29,648
279,971	29,650
280,073	29,650
280,175	29,650
280,277	29,653
280,379	29,653
280,481	29,655
280,583	29,655
280,685	29,655
280,787	29,655
280,889	29,655
280,991	29,654
281,093	29,654
281,195	29,655
281,297	29,655
281,399	29,655
281,501	29,655
281,603	29,655
281,705	29,655
281,807	29,655
281,909	29,655
282,011	29,655
282,113	29,655
282,215	29,656
282,317	29,656
282,419	29,656
282,521	29,656
282,623	29,656
282,725	29,657
282,827	29,657
282,929	29,657
283,031	29,658
283,133	29,658
283,235	29,660
283,337	29,660
283,439	29,660
283,541	29,660
283,643	29,660
283,745	29,659
283,847	29,659
283,949	29,659
284,051	29,658
284,153	29,658
284,255	29,658
284,357	29,658
284,459	29,658
284,561	29,658
284,663	29,658
284,765	29,658
284,867	29,658
284,969	29,658
285,071	29,659
285,173	29,659
285,275	29,661
285,377	29,661
285,479	29,662
285,581	29,662
285,683	29,662
285,785	29,664
285,887	29,664
285,989	29,665
286,091	29,665
286,193	29,665
286,295	29,665
286,397	29,665
286,499	29,665
286,601	29,665
286,703	29,665
286,805	29,666
286,907	29,666
287,009	29,666
287,111	29,666
287,213	29,666
287,315	29,665
287,417	29,665
287,519	29,666
287,621	29,666
287,723	29,666
287,825	29,667
287,927	29,667
288,029	29,670
288,131	29,670
288,233	29,670
288,335	29,671
288,437	29,671
288,540	29,673
288,642	29,673
288,744	29,676
288,846	29,676
288,948	29,676
289,050	29,678
289,152	29,678
289,254	29,680
289,356	29,680
289,458	29,680
289,560	29,681
289,662	29,681
289,764	29,682
289,866	29,682
289,968	29,682
290,070	29,683
290,172	29,683
290,274	29,683
290,376	29,683
290,478	29,683
290,580	29,683
290,682	29,683
290,784	29,684
290,886	29,684
290,988	29,684
291,090	29,686
291,192	29,686
291,294	29,686
291,396	29,686
291,498	29,686
291,600	29,686
291,702	29,686
291,804	29,686
291,906	29,686
292,008	29,687
292,110	29,687
292,212	29,687
292,314	29,687
292,416	29,687
292,518	29,686
292,620	29,686
292,722	29,686
292,824	29,686
292,926	29,686
293,028	29,686
293,130	29,686
293,232	29,686
293,334	29,685
293,436	29,685
293,538	29,684
293,640	29,684
293,742	29,684
293,844	29,682
293,946	29,682
294,048	29,680
294,150	29,680
294,252	29,680
294,354	29,678
294,456	29,678
294,558	29,676
294,660	29,676
294,762	29,676
294,864	29,674
294,966	29,674
295,068	29,672
295,170	29,672
295,272	29,671
295,374	29,671
295,476	29,671
295,578	29,671
295,680	29,671
295,782	29,671
295,884	29,671
295,986	29,671
296,088	29,669
296,190	29,669
296,292	29,667
296,394	29,667
296,496	29,667
296,598	29,666
296,700	29,666
296,802	29,665
296,904	29,665
297,006	29,665
297,108	29,666
297,210	29,666
297,312	29,666
297,414	29,666
297,516	29,666
297,618	29,665
297,720	29,665
297,822	29,665
297,924	29,665
298,026	29,665
298,128	29,665
298,230	29,665
298,332	29,665
298,434	29,665
298,536	29,664
298,638	29,664
298,740	29,664
298,842	29,664
298,944	29,664
299,046	29,663
299,148	29,663
299,250	29,663
299,352	29,664
299,454	29,664
299,556	29,665
299,658	29,665
299,760	29,665
299,862	29,666
299,964	29,666
300,066	29,666
300,168	29,666
300,270	29,666
300,372	29,666
300,474	29,666
300,576	29,667
300,678	29,667
300,780	29,667
300,882	29,669
300,984	29,669
301,086	29,670
301,188	29,670
301,290	29,671
301,392	29,671
301,494	29,671
301,596	29,670
301,698	29,670
301,799	29,671
301,901	29,671
302,003	29,671
302,105	29,672
302,207	29,672
302,309	29,673
302,411	29,673
302,513	29,673
302,615	29,675
302,717	29,675
302,819	29,678
302,921	29,678
303,023	29,678
303,125	29,681
303,227	29,681
303,329	29,684
303,431	29,684
303,533	29,684
303,635	29,686
303,737	29,686
303,839	29,689
303,941	29,689
304,043	29,692
304,145	29,692
304,247	29,692
304,349	29,694
304,451	29,694
304,553	29,695
304,655	29,695
304,757	29,695
304,859	29,697
304,961	29,697
305,063	29,699
305,165	29,699
305,267	29,699
305,369	29,702
305,471	29,702
305,573	29,703
305,675	29,703
305,777	29,703
305,879	29,703
305,982	29,703
306,084	29,703
306,186	29,703
306,288	29,703
306,390	29,702
306,492	29,702
306,594	29,702
306,696	29,702
306,798	29,702
306,900	29,703
307,002	29,703
307,104	29,703
307,206	29,703
307,308	29,703
307,410	29,702
307,512	29,702
307,614	29,702
307,716	29,702
307,818	29,703
307,920	29,703
308,022	29,703
308,124	29,702
308,226	29,702
308,328	29,701
308,430	29,701
308,532	29,701
308,634	29,701
308,736	29,701
308,838	29,701
308,940	29,701
309,042	29,701
309,144	29,701
309,246	29,701
309,348	29,701
309,450	29,701
309,552	29,701
309,654	29,700
309,756	29,700
309,858	29,699
309,960	29,699
310,062	29,699
310,164	29,698
310,266	29,698
310,368	29,698
310,470	29,698
310,572	29,698
310,674	29,698
310,776	29,698
310,878	29,697
310,980	29,697
311,082	29,698
311,184	29,698
311,286	29,698
311,388	29,697
311,490	29,697
311,592	29,695
311,694	29,695
311,796	29,695
311,898	29,695
312,000	29,695
312,102	29,694
312,204	29,694
312,306	29,694
312,408	29,694
312,510	29,694
312,612	29,694
312,714	29,694
312,816	29,694
312,918	29,694
313,020	29,694
313,122	29,694
313,224	29,694
313,326	29,694
313,428	29,695
313,530	29,695
313,632	29,695
313,734	29,695
313,836	29,695
313,938	29,694
314,040	29,694
314,142	29,694
314,244	29,694
314,346	29,694
314,448	29,694
314,550	29,694
314,652	29,694
314,754	29,694
314,856	29,693
314,958	29,693
315,060	29,693
315,162	29,693
315,264	29,693
315,366	29,693
315,468	29,693
315,570	29,693
315,672	29,693
315,774	29,693
315,876	29,694
315,978	29,694
316,080	29,694
316,182	29,694
316,284	29,694
316,386	29,694
316,488	29,694
316,590	29,694
316,692	29,694
316,794	29,694
316,896	29,694
316,998	29,694
317,100	29,694
317,202	29,694
317,304	29,694
317,406	29,694
317,508	29,694
317,610	29,695
317,712	29,695
317,814	29,695
317,916	29,698
318,018	29,698
318,120	29,699
318,222	29,699
318,324	29,699
318,426	29,699
318,528	29,699
318,630	29,700
318,732	29,700
318,834	29,700
318,936	29,701
319,038	29,701
319,140	29,703
319,241	29,703
319,343	29,703
319,445	29,704
319,547	29,704
319,649	29,704
319,751	29,704
319,853	29,704
319,955	29,704
320,057	29,704
320,159	29,705
320,261	29,705
320,363	29,706
320,465	29,706
320,567	29,706
320,669	29,706
320,771	29,706
320,873	29,706
320,975	29,706
321,077	29,706
321,179	29,705
321,281	29,705
321,383	29,705
321,485	29,705
321,587	29,705
321,689	29,705
321,791	29,705
321,893	29,705
321,995	29,705
322,097	29,705
322,199	29,704
322,301	29,704
322,403	29,703
322,505	29,703
322,607	29,703
322,709	29,702
322,811	29,702
322,913	29,702
323,015	29,702
323,117	29,702
323,219	29,702
323,321	29,702
323,423	29,701
323,526	29,701
323,628	29,701
323,730	29,701
323,832	29,701
323,934	29,702
324,036	29,702
324,138	29,702
324,240	29,702
324,342	29,702
324,444	29,702
324,546	29,702
324,648	29,701
324,750	29,701
324,852	29,701
324,954	29,700
325,056	29,700
325,158	29,700
325,260	29,700
325,362	29,700
325,464	29,700
325,566	29,700
325,668	29,700
325,770	29,700
325,872	29,700
325,974	29,701
326,076	29,701
326,178	29,702
326,280	29,702
326,382	29,702
326,484	29,703
326,586	29,703
326,688	29,703
326,790	29,703
326,892	29,703
326,994	29,704
327,096	29,704
327,198	29,704
327,300	29,704
327,402	29,704
327,504	29,704
327,606	29,704
327,708	29,705
327,810	29,705
327,912	29,705
328,014	29,705
328,116	29,705
328,218	29,704
328,320	29,704
328,422	29,704
328,524	29,704
328,626	29,704
328,728	29,705
328,830	29,705
328,932	29,705
329,034	29,705
329,136	29,705
329,238	29,704
329,340	29,704
329,442	29,704
329,544	29,704
329,646	29,704
329,748	29,703
329,850	29,703
329,952	29,702
330,054	29,702
330,156	29,702
330,258	29,702
330,360	29,702
330,462	29,702
330,564	29,702
330,666	29,703
330,768	29,703
330,870	29,703
330,972	29,702
331,074	29,702
331,176	29,703
331,278	29,703
331,380	29,703
331,482	29,703
331,584	29,703
331,686	29,703
331,788	29,703
331,890	29,703
331,992	29,703
332,094	29,703
332,196	29,704
332,298	29,704
332,400	29,704
332,502	29,705
332,604	29,705
332,706	29,706
332,808	29,706
332,910	29,706
333,012	29,706
333,114	29,706
333,216	29,706
333,318	29,706
333,420	29,706
333,522	29,705
333,624	29,705
333,726	29,704
333,828	29,704
333,930	29,704
334,032	29,704
334,134	29,704
334,236	29,705
334,338	29,705
334,440	29,706
334,542	29,706
334,644	29,706
334,746	29,705
334,848	29,705
334,950	29,705
335,052	29,705
335,154	29,705
335,256	29,705
335,358	29,705
335,460	29,706
335,562	29,706
335,664	29,706
335,766	29,707
335,868	29,707
335,970	29,708
336,072	29,708
336,174	29,708
336,276	29,708
336,378	29,708
336,480	29,707
336,582	29,707
336,684	29,707
336,785	29,707
336,887	29,707
336,989	29,708
337,091	29,708
337,193	29,708
337,295	29,708
337,397	29,708
337,499	29,708
337,601	29,708
337,703	29,709
337,805	29,709
337,907	29,709
338,009	29,710
338,111	29,710
338,213	29,713
338,315	29,713
338,417	29,713
338,519	29,714
338,621	29,714
338,723	29,715
338,825	29,715
338,927	29,715
339,029	29,716
339,131	29,716
339,233	29,718
339,335	29,718
339,437	29,719
339,539	29,719
339,641	29,719
339,743	29,721
339,845	29,721
339,947	29,722
340,049	29,722
340,151	29,722
340,253	29,723
340,355	29,723
340,457	29,723
340,559	29,723
340,661	29,723
340,763	29,723
340,865	29,723
340,968	29,723
341,070	29,723
341,172	29,723
341,274	29,721
341,376	29,721
341,478	29,720
341,580	29,720
341,682	29,720
341,784	29,719
341,886	29,719
341,988	29,719
342,090	29,719
342,192	29,719
342,294	29,719
342,396	29,719
342,498	29,719
342,600	29,719
342,702	29,719
342,804	29,720
342,906	29,720
343,008	29,721
343,110	29,721
343,212	29,720
343,314	29,720
343,416	29,720
343,518	29,720
343,620	29,720
343,722	29,719
343,824	29,719
343,926	29,719
344,028	29,718
344,130	29,718
344,232	29,718
344,334	29,718
344,436	29,718
344,538	29,719
344,640	29,719
344,742	29,719
344,844	29,719
344,946	29,719
345,048	29,720
345,150	29,720
345,252	29,720
345,354	29,720
345,456	29,720
345,558	29,721
345,660	29,721
345,762	29,722
345,864	29,722
345,966	29,722
346,068	29,722
346,170	29,722
346,272	29,723
346,374	29,723
346,476	29,724
346,578	29,724
346,680	29,724
346,782	29,724
346,884	29,724
346,986	29,725
347,088	29,725
347,190	29,725
347,292	29,725
347,394	29,725
347,496	29,725
347,598	29,725
347,700	29,725
347,802	29,724
347,904	29,724
348,006	29,723
348,108	29,723
348,210	29,723
348,312	29,722
348,414	29,722
348,516	29,722
348,618	29,722
348,720	29,722
348,822	29,722
348,924	29,722
349,026	29,722
349,128	29,722
349,230	29,722
349,332	29,721
349,434	29,721
349,536	29,720
349,638	29,720
349,740	29,719
349,842	29,719
349,944	29,719
350,046	29,719
350,148	29,719
350,250	29,719
350,352	29,719
350,454	29,719
350,556	29,719
350,658	29,719
350,760	29,719
350,862	29,719
350,964	29,719
351,066	29,719
351,168	29,719
351,270	29,719
351,372	29,719
351,474	29,719
351,576	29,719
351,678	29,719
351,780	29,720
351,882	29,720
351,984	29,720
352,086	29,720
352,188	29,720
352,290	29,721
352,392	29,721
352,494	29,721
352,596	29,722
352,698	29,722
352,800	29,722
352,902	29,722
353,004	29,722
353,106	29,722
353,208	29,722
353,310	29,724
353,412	29,724
353,514	29,724
353,616	29,724
353,718	29,724
353,820	29,725
353,922	29,725
354,024	29,727
354,126	29,727
354,227	29,727
354,329	29,728
354,431	29,728
354,533	29,728
354,635	29,728
354,737	29,728
354,839	29,728
354,941	29,728
355,043	29,728
355,145	29,728
355,247	29,728
355,349	29,729
355,451	29,729
355,553	29,729
355,655	29,729
355,757	29,729
355,859	29,729
355,961	29,729
356,063	29,730
356,165	29,730
356,267	29,730
356,369	29,730
356,471	29,730
356,573	29,729
356,675	29,729
356,777	29,729
356,879	29,729
356,981	29,729
357,083	29,728
357,185	29,728
357,287	29,728
357,389	29,728
357,491	29,728
357,593	29,727
357,695	29,727
357,797	29,725
357,899	29,725
358,001	29,725
358,103	29,725
358,205	29,725
358,307	29,725
358,410	29,725
358,512	29,725
358,614	29,725
358,716	29,725
358,818	29,725
358,920	29,725
359,022	29,724
359,124	29,724
359,226	29,724
359,328	29,724
359,430	29,724
359,532	29,725
359,634	29,725
359,736	29,725
359,838	29,725
359,940	29,725
360,042	29,724
360,144	29,724
360,246	29,724
360,348	29,723
360,450	29,723
360,552	29,723
360,654	29,723
360,756	29,723
360,858	29,723
360,960	29,723
361,062	29,722
361,164	29,722
361,266	29,722
361,368	29,722
361,470	29,722
361,572	29,723
361,674	29,723
361,776	29,723
361,878	29,723
361,980	29,723
362,082	29,724
362,184	29,724
362,286	29,723
362,388	29,723
362,490	29,723
362,592	29,723
362,694	29,723
362,796	29,722
362,898	29,722
363,000	29,722
363,102	29,722
363,204	29,722
363,306	29,721
363,408	29,721
363,510	29,721
363,612	29,721
363,714	29,721
363,816	29,721
363,918	29,721
364,020	29,721
364,122	29,721
364,224	29,721
364,326	29,721
364,428	29,721
364,530	29,721
364,632	29,721
364,734	29,721
364,836	29,721
364,938	29,721
365,040	29,721
365,142	29,721
365,244	29,721
365,346	29,722
365,448	29,722
365,550	29,722
365,652	29,722
365,754	29,722
365,856	29,723
365,958	29,723
366,060	29,725
366,162	29,725
366,264	29,725
366,366	29,725
366,468	29,725
366,570	29,725
366,672	29,725
366,774	29,725
366,876	29,726
366,978	29,726
367,080	29,726
367,182	29,726
367,284	29,726
367,386	29,725
367,488	29,725
367,590	29,725
367,692	29,725
367,794	29,725
367,896	29,724
367,998	29,724
368,100	29,725
368,202	29,725
368,304	29,725
368,406	29,726
368,508	29,726
368,610	29,725
368,712	29,725
368,814	29,725
368,916	29,725
369,018	29,725
369,120	29,725
369,222	29,725
369,324	29,725
369,426	29,725
369,528	29,725
369,630	29,726
369,732	29,726
369,834	29,727
369,936	29,727
370,038	29,727
370,140	29,728
370,242	29,728
370,344	29,728
370,446	29,728
370,548	29,728
370,650	29,728
370,752	29,728
370,854	29,726
370,956	29,726
371,058	29,726
371,160	29,725
371,262	29,725
371,364	29,724
371,466	29,724
371,568	29,724
371,670	29,724
371,771	29,724
371,873	29,724
371,975	29,724
372,077	29,724
372,179	29,724
372,281	29,724
372,383	29,723
372,485	29,723
372,587	29,722
372,689	29,722
372,791	29,722
372,893	29,722
372,995	29,722
373,097	29,720
373,199	29,720
373,301	29,720
373,403	29,720
373,505	29,720
373,607	29,722
373,709	29,722
373,811	29,722
373,913	29,722
374,015	29,722
374,117	29,722
374,219	29,722
374,321	29,722
374,423	29,722
374,525	29,722
374,627	29,723
374,729	29,723
374,831	29,723
374,933	29,723
375,035	29,723
375,137	29,723
375,239	29,723
375,341	29,722
375,443	29,722
375,546	29,722
375,648	29,722
375,750	29,722
375,852	29,722
375,955	29,722
376,057	29,722
376,159	29,722
376,261	29,722
376,363	29,721
376,465	29,721
376,567	29,721
376,669	29,721
376,771	29,721
376,873	29,720
376,975	29,720
377,077	29,720
377,179	29,719
377,281	29,719
377,383	29,720
377,485	29,720
377,587	29,720
377,689	29,723
377,791	29,723
377,893	29,725
377,995	29,725
378,097	29,725
378,199	29,725
378,301	29,725
378,403	29,724
378,505	29,724
378,607	29,724
378,709	29,724
378,811	29,724
378,913	29,725
379,015	29,725
379,117	29,725
379,219	29,725
379,321	29,725
379,423	29,725
379,525	29,725
379,627	29,724
379,729	29,724
379,831	29,724
379,933	29,724
380,035	29,724
380,137	29,725
380,239	29,725
380,341	29,725
380,443	29,725
380,545	29,725
380,647	29,725
380,749	29,725
380,851	29,725
380,953	29,724
381,055	29,724
381,157	29,724
381,259	29,724
381,361	29,724
381,463	29,725
381,565	29,725
381,667	29,725
381,769	29,725
381,871	29,725
381,973	29,725
382,075	29,725
382,177	29,726
382,279	29,726
382,381	29,727
382,483	29,727
382,585	29,727
382,687	29,727
382,789	29,727
382,891	29,727
382,993	29,727
383,095	29,727
383,197	29,727
383,299	29,727
383,401	29,727
383,503	29,727
383,605	29,727
383,707	29,727
383,809	29,727
383,911	29,726
384,013	29,726
384,115	29,726
384,217	29,726
384,319	29,726
384,421	29,726
384,523	29,726
384,625	29,726
384,727	29,726
384,829	29,726
384,931	29,726
385,033	29,726
385,135	29,726
385,237	29,726
385,339	29,726
385,441	29,726
385,543	29,726
385,645	29,727
385,747	29,727
385,849	29,727
385,951	29,727
386,053	29,727
386,155	29,727
386,257	29,727
386,359	29,727
386,461	29,726
386,563	29,726
386,665	29,724
386,767	29,724
386,869	29,724
386,971	29,722
387,073	29,722
387,175	29,722
387,277	29,722
387,379	29,722
387,481	29,722
387,583	29,722
387,685	29,722
387,787	29,722
387,889	29,722
387,991	29,721
388,093	29,721
388,195	29,721
388,297	29,721
388,399	29,721
388,501	29,721
388,603	29,721
388,705	29,721
388,807	29,721
388,909	29,721
389,011	29,721
389,113	29,721
389,214	29,721
389,316	29,721
389,418	29,721
389,520	29,721
389,622	29,721
389,724	29,722
389,826	29,722
389,928	29,722
390,030	29,722
390,132	29,722
390,234	29,722
390,336	29,722
390,438	29,722
390,540	29,722
390,642	29,722
390,744	29,722
390,846	29,722
390,948	29,722
391,050	29,722
391,152	29,722
391,254	29,721
391,356	29,721
391,458	29,721
391,560	29,721
391,662	29,721
391,764	29,721
391,866	29,721
391,968	29,722
392,070	29,722
392,172	29,723
392,274	29,723
392,376	29,723
392,478	29,724
392,580	29,724
392,682	29,723
392,784	29,723
392,886	29,723
392,988	29,723
393,090	29,723
393,192	29,723
393,294	29,723
393,397	29,723
393,499	29,722
393,601	29,722
393,703	29,721
393,805	29,721
393,907	29,721
394,009	29,722
394,111	29,722
394,213	29,721
394,315	29,721
394,417	29,722
394,519	29,722
394,621	29,722
394,723	29,723
394,825	29,723
394,927	29,723
395,029	29,723
395,131	29,723
395,233	29,723
395,335	29,723
395,437	29,723
395,539	29,723
395,641	29,723
395,743	29,723
395,845	29,723
395,947	29,724
396,049	29,724
396,151	29,724
396,253	29,724
396,355	29,724
396,457	29,724
396,559	29,724
396,661	29,724
396,763	29,724
396,865	29,724
396,967	29,725
397,069	29,725
397,171	29,725
397,273	29,725
397,375	29,725
397,477	29,725
397,579	29,725
397,681	29,724
397,783	29,724
397,885	29,724
397,987	29,724
398,089	29,724
398,191	29,725
398,293	29,725
398,395	29,725
398,497	29,724
398,599	29,724
398,701	29,725
398,803	29,725
398,905	29,725
399,007	29,726
399,109	29,726
399,211	29,725
399,313	29,725
399,415	29,725
399,517	29,725
399,619	29,725
399,721	29,725
399,823	29,725
399,925	29,725
400,027	29,725
400,129	29,725
400,231	29,725
400,333	29,725
400,435	29,725
400,537	29,726
400,639	29,726
400,741	29,727
400,843	29,727
400,945	29,727
401,047	29,728
401,149	29,728
401,251	29,728
401,353	29,728
401,455	29,728
401,557	29,728
401,659	29,728
401,761	29,729
401,863	29,729
401,965	29,730
402,067	29,730
402,169	29,730
402,271	29,730
402,373	29,730
402,475	29,729
402,577	29,729
402,679	29,729
402,781	29,728
402,883	29,728
402,985	29,728
403,087	29,728
403,189	29,728
403,291	29,727
403,393	29,727
403,495	29,727
403,597	29,727
403,699	29,727
403,801	29,728
403,903	29,728
404,005	29,728
404,107	29,728
404,209	29,728
404,311	29,728
404,413	29,728
404,515	29,728
404,617	29,728
404,719	29,728
404,821	29,728
404,923	29,728
405,025	29,728
405,127	29,728
405,229	29,728
405,331	29,728
405,433	29,728
405,535	29,728
405,637	29,728
405,739	29,729
405,840	29,729
405,941	29,729
406,043	29,729
406,145	29,729
406,247	29,727
406,349	29,727
406,451	29,727
406,553	29,725
406,654	29,725
406,756	29,725
406,858	29,725
406,960	29,725
407,062	29,724
407,164	29,724
407,266	29,724
407,368	29,724
407,470	29,724
407,572	29,725
407,674	29,725
407,776	29,725
407,878	29,725
407,980	29,725
408,082	29,725
408,184	29,725
408,286	29,724
408,388	29,724
408,490	29,724
408,592	29,724
408,694	29,724
408,796	29,724
408,898	29,724
409,000	29,724
409,102	29,724
409,204	29,724
409,306	29,723
409,408	29,723
409,510	29,722
409,612	29,722
409,714	29,722
409,816	29,722
409,918	29,722
410,020	29,722
410,122	29,722
410,224	29,722
410,326	29,722
410,428	29,722
410,530	29,722
410,632	29,722
410,734	29,722
410,836	29,721
410,939	29,721
411,041	29,721
411,143	29,721
411,245	29,721
411,347	29,721
411,449	29,721
411,551	29,722
411,653	29,722
411,755	29,722
411,857	29,722
411,959	29,722
412,061	29,721
412,163	29,721
412,265	29,722
412,367	29,722
412,469	29,722
412,571	29,722
412,673	29,722
412,775	29,723
412,877	29,723
412,979	29,723
413,081	29,723
413,183	29,723
413,285	29,723
413,387	29,723
413,489	29,724
413,591	29,724
413,693	29,724
413,795	29,725
413,897	29,725
413,999	29,725
414,101	29,725
414,203	29,725
414,305	29,724
414,407	29,724
414,509	29,723
414,611	29,723
414,713	29,723
414,815	29,722
414,917	29,722
415,019	29,722
415,121	29,722
415,223	29,722
415,325	29,723
415,427	29,723
415,529	29,723
415,631	29,723
415,733	29,723
415,835	29,724
415,937	29,724
416,039	29,724
416,141	29,724
416,243	29,724
416,345	29,723
416,447	29,723
416,549	29,723
416,651	29,723
416,753	29,723
416,855	29,723
416,957	29,723
417,059	29,723
417,161	29,723
417,263	29,722
417,365	29,722
417,467	29,722
417,569	29,723
417,671	29,723
417,773	29,723
417,875	29,723
417,977	29,723
418,079	29,723
418,181	29,723
418,283	29,723
418,385	29,723
418,487	29,723
418,589	29,723
418,691	29,723
418,793	29,722
418,895	29,722
418,997	29,722
419,099	29,722
419,201	29,722
419,303	29,722
419,405	29,722
419,507	29,722
419,609	29,722
419,711	29,722
419,813	29,723
419,915	29,723
420,017	29,723
420,119	29,723
420,221	29,723
420,323	29,723
420,425	29,723
420,527	29,723
420,629	29,723
420,731	29,723
420,833	29,723
420,935	29,723
421,037	29,724
421,139	29,724
421,241	29,724
421,343	29,725
421,445	29,725
421,547	29,725
421,649	29,725
421,751	29,725
421,853	29,725
421,955	29,725
422,057	29,724
422,159	29,724
422,261	29,724
422,363	29,724
422,465	29,724
422,567	29,724
422,669	29,724
422,771	29,724
422,873	29,724
422,975	29,724
423,077	29,724
423,179	29,724
423,281	29,724
423,383	29,723
423,485	29,723
423,587	29,722
423,689	29,722
423,791	29,723
423,893	29,723
423,995	29,723
424,097	29,723
424,198	29,723
424,300	29,722
424,402	29,722
424,504	29,722
424,606	29,721
424,708	29,721
424,810	29,722
424,912	29,722
425,014	29,722
425,116	29,722
425,218	29,722
425,320	29,722
425,422	29,722
425,524	29,722
425,626	29,721
425,728	29,721
425,830	29,722
425,932	29,722
426,034	29,722
426,136	29,722
426,238	29,722
426,340	29,721
426,442	29,721
426,544	29,721
426,646	29,721
426,748	29,721
426,850	29,721
426,952	29,721
427,054	29,721
427,156	29,721
427,258	29,721
427,360	29,722
427,462	29,722
427,564	29,724
427,666	29,724
427,768	29,724
427,870	29,724
427,972	29,724
428,074	29,723
428,176	29,723
428,278	29,723
428,381	29,723
428,483	29,723
428,585	29,724
428,687	29,724
428,789	29,724
428,891	29,725
428,993	29,725
429,095	29,725
429,197	29,725
429,299	29,725
429,401	29,725
429,503	29,725
429,605	29,725
429,707	29,725
429,809	29,725
429,911	29,725
430,013	29,725
430,115	29,724
430,217	29,724
430,319	29,723
430,421	29,723
430,523	29,723
430,625	29,723
430,727	29,723
430,829	29,723
430,931	29,723
431,033	29,723
431,135	29,723
431,237	29,723
431,339	29,724
431,441	29,724
431,543	29,724
431,645	29,723
431,747	29,723
431,849	29,723
431,951	29,723
432,053	29,723
432,155	29,723
432,257	29,723
432,359	29,723
432,461	29,723
432,563	29,723
432,665	29,724
432,767	29,724
432,869	29,724
432,971	29,724
433,073	29,724
433,175	29,724
433,277	29,724
433,379	29,722
433,481	29,722
433,583	29,722
433,685	29,722
433,787	29,722
433,889	29,722
433,991	29,722
434,093	29,721
434,195	29,721
434,297	29,721
434,399	29,722
434,501	29,722
434,603	29,722
434,705	29,722
434,807	29,722
434,909	29,722
435,011	29,722
435,113	29,722
435,215	29,722
435,317	29,722
435,419	29,722
435,521	29,722
435,623	29,722
435,725	29,722
435,827	29,722
435,929	29,721
436,031	29,721
436,133	29,722
436,235	29,722
436,337	29,722
436,439	29,723
436,541	29,723
436,643	29,723
436,745	29,723
436,847	29,724
436,949	29,724
437,051	29,724
437,153	29,724
437,255	29,724
437,357	29,723
437,459	29,723
437,561	29,723
437,663	29,723
437,765	29,723
437,867	29,723
437,969	29,723
438,071	29,723
438,173	29,724
438,275	29,724
438,377	29,725
438,479	29,725
438,581	29,725
438,683	29,725
438,785	29,725
438,887	29,724
438,989	29,724
439,091	29,724
439,193	29,724
439,295	29,724
439,397	29,723
439,499	29,723
439,601	29,723
439,703	29,722
439,805	29,722
439,907	29,722
440,009	29,722
440,111	29,723
440,213	29,723
440,315	29,723
440,417	29,724
440,519	29,724
440,621	29,723
440,723	29,723
440,825	29,723
440,927	29,723
441,029	29,723
441,131	29,723
441,233	29,723
441,335	29,723
441,437	29,723
441,539	29,723
441,640	29,722
441,742	29,722
441,844	29,722
441,946	29,722
442,048	29,722
442,150	29,723
442,252	29,723
442,354	29,723
442,456	29,724
442,558	29,724
442,660	29,723
442,762	29,723
442,864	29,723
442,966	29,722
443,068	29,722
443,170	29,722
443,272	29,722
443,374	29,723
443,476	29,723
443,578	29,723
443,680	29,722
443,782	29,722
443,884	29,721
443,986	29,721
444,088	29,721
444,190	29,722
444,292	29,722
444,394	29,723
444,496	29,723
444,598	29,723
444,700	29,722
444,802	29,722
444,904	29,720
445,006	29,720
445,108	29,720
445,210	29,719
445,312	29,719
445,414	29,719
445,516	29,719
445,618	29,719
445,720	29,720
445,822	29,720
445,925	29,721
446,027	29,721
446,129	29,721
446,231	29,721
446,333	29,721
446,435	29,720
446,537	29,720
446,639	29,720
446,741	29,720
446,843	29,720
446,945	29,720
447,047	29,720
447,149	29,721
447,251	29,721
447,353	29,721
447,455	29,721
447,557	29,721
447,659	29,721
447,761	29,721
447,863	29,721
447,965	29,722
448,067	29,722
448,169	29,722
448,271	29,722
448,373	29,722
448,475	29,721
448,577	29,721
448,679	29,721
448,781	29,721
448,883	29,721
448,985	29,721
449,087	29,721
449,189	29,720
449,291	29,720
449,393	29,720
449,495	29,720
449,597	29,720
449,699	29,719
449,801	29,719
449,903	29,719
450,005	29,719
450,107	29,719
450,209	29,719
450,311	29,719
450,413	29,720
450,515	29,720
450,617	29,720
450,719	29,720
450,821	29,720
450,923	29,721
451,025	29,721
451,127	29,721
451,229	29,721
451,331	29,721
451,433	29,721
451,535	29,721
451,637	29,721
451,739	29,720
451,841	29,720
451,943	29,719
452,045	29,719
452,147	29,719
452,249	29,718
452,351	29,718
452,453	29,717
452,555	29,717
452,657	29,717
452,759	29,717
452,861	29,717
452,963	29,716
453,065	29,716
453,167	29,716
453,269	29,716
453,371	29,716
453,473	29,716
453,575	29,716
453,677	29,716
453,779	29,716
453,881	29,716
453,983	29,716
454,085	29,716
454,187	29,716
454,289	29,716
454,391	29,716
454,493	29,716
454,595	29,716
454,697	29,715
454,799	29,715
454,901	29,715
455,003	29,715
455,105	29,715
455,207	29,716
455,309	29,716
455,411	29,716
455,513	29,716
455,615	29,716
455,717	29,715
455,819	29,715
455,921	29,715
456,023	29,715
456,125	29,715
456,227	29,715
456,329	29,715
456,431	29,715
456,533	29,715
456,635	29,715
456,737	29,715
456,839	29,715
456,941	29,715
457,043	29,715
457,145	29,715
457,247	29,715
457,349	29,715
457,451	29,716
457,553	29,716
457,655	29,716
457,757	29,717
457,859	29,717
457,961	29,717
458,063	29,717
458,165	29,717
458,267	29,718
458,369	29,718
458,471	29,718
458,573	29,718
458,675	29,718
458,777	29,717
458,879	29,717
458,981	29,718
459,083	29,718
459,184	29,718
459,286	29,718
459,388	29,718
459,490	29,719
459,592	29,719
459,694	29,718
459,796	29,718
459,898	29,718
460,000	29,718
460,100	29,718
460,200	29,718
460,300	29,718
460,400	29,718
460,500	29,718
460,602	29,718
460,704	29,718
460,806	29,718
460,908	29,718
461,010	29,718
461,112	29,718
461,214	29,717
461,314	29,717
461,414	29,717
461,514	29,716
461,614	29,716
461,715	29,715
461,816	29,715
461,918	29,715
462,020	29,716
462,122	29,716
462,222	29,716
462,322	29,716
462,422	29,716
462,522	29,716
462,623	29,716
462,724	29,715
462,824	29,715
462,926	29,715
463,028	29,716
463,129	29,716
463,231	29,716
463,334	29,716
463,436	29,716
463,538	29,716
463,640	29,716
463,742	29,716
463,844	29,716
463,946	29,716
464,048	29,716
464,150	29,716
464,252	29,715
464,354	29,715
464,456	29,715
464,557	29,715
464,658	29,715
464,758	29,716
464,861	29,716
464,962	29,717
465,062	29,717
465,165	29,717
465,266	29,718
465,368	29,718
465,470	29,718
465,571	29,718
465,673	29,718
465,775	29,718
465,876	29,718
465,976	29,718
466,076	29,718
466,178	29,718
466,280	29,718
466,382	29,718
466,485	29,718
466,587	29,718
466,689	29,718
466,791	29,718
466,893	29,718
466,995	29,718
467,097	29,718
467,199	29,718
467,301	29,718
467,403	29,718
467,505	29,717
467,607	29,717
467,709	29,717
467,811	29,717
467,913	29,717
468,015	29,717
468,117	29,717
468,219	29,717
468,321	29,716
468,423	29,716
468,525	29,716
468,627	29,716
468,729	29,716
468,831	29,716
468,933	29,716
469,035	29,717
469,137	29,717
469,239	29,715
469,341	29,715
469,443	29,715
469,545	29,714
469,647	29,714
469,749	29,715
469,851	29,715
469,953	29,715
470,055	29,715
470,157	29,715
470,259	29,715
470,361	29,715
470,463	29,715
470,565	29,715
470,667	29,715
470,769	29,714
470,871	29,714
470,973	29,714
471,075	29,715
471,177	29,715
471,279	29,715
471,381	29,715
471,483	29,715
471,585	29,716
471,687	29,716
471,789	29,715
471,891	29,715
471,993	29,715
472,095	29,715
472,197	29,715
472,299	29,714
472,401	29,714
472,503	29,714
472,605	29,714
472,707	29,714
472,809	29,714
472,911	29,714
473,013	29,714
473,115	29,714
473,217	29,714
473,319	29,713
473,421	29,713
473,523	29,712
473,625	29,712
473,727	29,712
473,829	29,712
473,931	29,712
474,033	29,712
474,135	29,712
474,237	29,712
474,339	29,712
474,441	29,712
474,543	29,711
474,645	29,711
474,747	29,711
474,849	29,710
474,951	29,710
475,053	29,710
475,155	29,710
475,257	29,710
475,359	29,710
475,461	29,710
475,563	29,712
475,665	29,712
475,768	29,713
475,870	29,713
475,972	29,713
476,074	29,713
476,176	29,713
476,278	29,712
476,380	29,712
476,482	29,712
476,584	29,711
476,686	29,711
476,788	29,711
476,890	29,711
476,992	29,711
477,094	29,710
477,196	29,710
477,298	29,710
477,400	29,710
477,502	29,710
477,604	29,710
477,706	29,710
477,808	29,710
477,910	29,710
478,012	29,710
478,114	29,710
478,216	29,710
478,318	29,710
478,420	29,710
478,522	29,710
478,624	29,710
478,726	29,710
478,828	29,710
478,930	29,710
479,033	29,710
479,135	29,710
479,237	29,710
479,339	29,708
479,441	29,708
479,543	29,707
479,645	29,707
479,747	29,707
479,849	29,707
479,951	29,707
480,053	29,706
480,155	29,706
480,257	29,706
480,359	29,707
480,461	29,707
480,563	29,707
480,665	29,707
480,767	29,707
480,870	29,707
480,972	29,707
481,074	29,707
481,176	29,707
481,278	29,709
481,380	29,709
481,482	29,709
481,584	29,709
481,686	29,709
481,788	29,710
481,890	29,710
481,992	29,710
482,094	29,710
